
bool bigQ false
matrix_double covmtx_datablock {
0.00101941 0.000988481 0.000932623 0.000859701 0.000776362 0.000687998 0.000599287 0.000513886 0.000434245 0.000361883 0.000297624 0.000241719 0.000194004 0.000154017 0.000121074 9.43674e-05 7.30297e-05 5.61997e-05 4.30807e-05 3.29612e-05 2.52216e-05 1.93469e-05 1.49198e-05 1.16035e-05 9.13339e-06 7.30402e-06 5.95331e-06 4.95659e-06 4.21895e-06 3.66781e-06 3.25094e-06 2.9306e-06 2.67783e-06 2.47298e-06 2.30264e-06 2.15558e-06 2.02524e-06 1.90893e-06 1.80343e-06 1.7059e-06 1.6149e-06 1.5285e-06 1.44536e-06 1.36534e-06 1.28803e-06 1.21305e-06 1.14038e-06 1.06955e-06 1.00081e-06 9.35046e-07 
0.000988481 0.000960847 0.000909686 0.000841242 0.000761842 0.000677 0.000591292 0.00050829 0.000430525 0.000359606 0.000296417 0.000241279 0.000194089 0.000154429 0.000121663 9.5022e-05 7.36755e-05 5.67951e-05 4.36037e-05 3.34023e-05 2.55844e-05 1.96401e-05 1.51521e-05 1.17854e-05 9.27447e-06 7.41127e-06 6.03358e-06 5.01566e-06 4.26125e-06 3.69791e-06 3.27212e-06 2.9447e-06 2.68713e-06 2.47903e-06 2.30579e-06 2.1571e-06 2.02626e-06 1.90922e-06 1.80303e-06 1.70521e-06 1.61374e-06 1.52702e-06 1.44393e-06 1.36386e-06 1.2865e-06 1.21157e-06 1.1388e-06 1.06809e-06 9.99676e-07 9.33878e-07 
0.000932623 0.000909686 0.00086594 0.000805483 0.000733574 0.000655427 0.000575456 0.000497141 0.000423071 0.000354996 0.000293933 0.000240327 0.000194184 0.000155186 0.000122784 9.62881e-05 7.49391e-05 5.79674e-05 4.46378e-05 3.42806e-05 2.63098e-05 2.02271e-05 1.56192e-05 1.21519e-05 9.55844e-06 7.62797e-06 6.1961e-06 5.13532e-06 4.34773e-06 3.75946e-06 3.31513e-06 2.97393e-06 2.70644e-06 2.49117e-06 2.31273e-06 2.16077e-06 2.02815e-06 1.9098e-06 1.80245e-06 1.70373e-06 1.6115e-06 1.52428e-06 1.44101e-06 1.3609e-06 1.2835e-06 1.20852e-06 1.13576e-06 1.06529e-06 9.97202e-07 9.31544e-07 
0.000859701 0.000841242 0.000805483 0.000754869 0.000693009 0.0006241 0.00055216 0.000480547 0.000411856 0.000347956 0.000290037 0.000238714 0.000194147 0.000156158 0.000124329 9.80827e-05 7.67618e-05 5.96783e-05 4.61608e-05 3.55856e-05 2.73955e-05 2.111e-05 1.6325e-05 1.27076e-05 9.98978e-06 7.95808e-06 6.44465e-06 5.31919e-06 4.48151e-06 3.85501e-06 3.38203e-06 3.01985e-06 2.73688e-06 2.5104e-06 2.32432e-06 2.16724e-06 2.03122e-06 1.91072e-06 1.80174e-06 1.70157e-06 1.6083e-06 1.5204e-06 1.43672e-06 1.35646e-06 1.27899e-06 1.20398e-06 1.13139e-06 1.06118e-06 9.93354e-07 9.28103e-07 
0.000776362 0.000761842 0.000733574 0.000693009 0.000642288 0.000584232 0.000522036 0.000458739 0.000396873 0.000338361 0.000284546 0.000236234 0.000193773 0.000157161 0.000126141 0.000100284 7.90541e-05 6.18685e-05 4.8138e-05 3.72989e-05 2.8835e-05 2.22904e-05 1.72741e-05 1.34586e-05 1.05751e-05 8.40763e-06 6.78482e-06 5.57257e-06 4.66698e-06 3.98833e-06 3.47609e-06 3.08466e-06 2.78028e-06 2.53846e-06 2.34166e-06 2.17723e-06 2.03621e-06 1.91227e-06 1.80091e-06 1.69897e-06 1.60433e-06 1.51548e-06 1.43121e-06 1.35058e-06 1.27299e-06 1.19808e-06 1.12568e-06 1.05573e-06 9.8831e-07 9.23664e-07 
0.000687998 0.000677 0.000655427 0.0006241 0.000584232 0.000537484 0.000485982 0.000432121 0.000378189 0.000326088 0.000277247 0.000232638 0.000192812 0.000157965 0.000128026 0.000102734 8.16977e-05 6.44564e-05 5.05179e-05 3.93924e-05 3.06161e-05 2.37663e-05 1.8471e-05 1.44118e-05 1.13223e-05 8.98474e-06 7.22411e-06 5.90197e-06 4.90997e-06 4.16448e-06 3.6013e-06 3.17169e-06 2.83933e-06 2.5774e-06 2.36626e-06 2.1918e-06 2.04384e-06 1.91504e-06 1.80032e-06 1.69609e-06 1.59978e-06 1.50969e-06 1.42457e-06 1.34343e-06 1.26567e-06 1.19084e-06 1.11866e-06 1.04907e-06 9.82228e-07 9.18323e-07 
0.000599287 0.000591292 0.000575456 0.00055216 0.000522036 0.000485982 0.000445212 0.000401292 0.000356004 0.00031107 0.000267928 0.000227657 0.000190982 0.000158306 0.000129754 0.000105244 8.45474e-05 6.73369e-05 5.32306e-05 4.18246e-05 3.27177e-05 2.55304e-05 1.99173e-05 1.5574e-05 1.22403e-05 9.69882e-06 7.77148e-06 6.31539e-06 5.21755e-06 4.38945e-06 3.76274e-06 3.28527e-06 2.91748e-06 2.62971e-06 2.40003e-06 2.21237e-06 2.05508e-06 1.91981e-06 1.8006e-06 1.69325e-06 1.59483e-06 1.50321e-06 1.41698e-06 1.33522e-06 1.25718e-06 1.18234e-06 1.11041e-06 1.04135e-06 9.75208e-07 9.12103e-07 
0.000513886 0.00050829 0.000497141 0.000480547 0.000458739 0.000432121 0.000401292 0.000367098 0.000330673 0.000293347 0.000256429 0.000221031 0.000187998 0.000157905 0.000131072 0.000107602 8.74329e-05 7.03817e-05 5.6186e-05 4.4537e-05 3.51065e-05 2.75676e-05 2.16097e-05 1.69497e-05 1.33377e-05 1.05598e-05 8.43693e-06 6.82225e-06 5.59784e-06 4.67028e-06 3.96663e-06 3.43053e-06 3.01878e-06 2.69859e-06 2.44533e-06 2.2407e-06 2.07132e-06 1.92755e-06 1.80244e-06 1.69101e-06 1.58976e-06 1.49622e-06 1.40872e-06 1.32613e-06 1.24765e-06 1.17276e-06 1.10115e-06 1.03269e-06 9.67305e-07 9.04972e-07 
0.000434245 0.000430525 0.000423071 0.000411856 0.000396873 0.000378189 0.000356004 0.000330673 0.000302766 0.000273102 0.000242689 0.000212553 0.000183586 0.000156479 0.000131717 0.000109577 9.01639e-05 7.34414e-05 5.92729e-05 4.74529e-05 3.77344e-05 2.98518e-05 2.35382e-05 1.85391e-05 1.46211e-05 1.15775e-05 9.23101e-06 7.43266e-06 6.06014e-06 5.0152e-06 4.21995e-06 3.61331e-06 3.14804e-06 2.78784e-06 2.50508e-06 2.27901e-06 2.09427e-06 1.93958e-06 1.80679e-06 1.69002e-06 1.58507e-06 1.48907e-06 1.39998e-06 1.31636e-06 1.23732e-06 1.16235e-06 1.09105e-06 1.02317e-06 9.58496e-07 8.96881e-07 
0.000361883 0.000359606 0.000354996 0.000347956 0.000338361 0.000326088 0.00031107 0.000293347 0.000273102 0.000250713 0.000226787 0.000202114 0.000177527 0.000153768 0.000131428 0.000110931 9.25345e-05 7.63474e-05 6.23605e-05 5.04764e-05 4.05362e-05 3.23433e-05 2.56827e-05 2.03359e-05 1.60927e-05 1.27595e-05 1.01638e-05 8.15712e-06 6.61457e-06 5.43334e-06 4.53052e-06 3.84024e-06 3.31076e-06 2.9019e-06 2.58285e-06 2.3301e-06 2.126e-06 1.95745e-06 1.8148e-06 1.69112e-06 1.58145e-06 1.48225e-06 1.39104e-06 1.30616e-06 1.22649e-06 1.15135e-06 1.08028e-06 1.01286e-06 9.48769e-07 8.87816e-07 
0.000297624 0.000296417 0.000293933 0.000290037 0.000284546 0.000277247 0.000267928 0.000256429 0.000242689 0.000226787 0.000208979 0.000189735 0.000169696 0.000149561 0.000129965 0.000111428 9.4331e-05 7.8917e-05 6.53003e-05 5.3493e-05 4.3429e-05 3.4987e-05 2.80105e-05 2.23245e-05 1.77492e-05 1.41096e-05 1.12435e-05 9.00593e-06 7.27152e-06 5.93434e-06 4.90695e-06 4.11864e-06 3.51306e-06 3.04592e-06 2.68281e-06 2.39726e-06 2.16908e-06 1.98307e-06 1.82794e-06 1.69546e-06 1.57969e-06 1.47634e-06 1.38241e-06 1.2959e-06 1.21541e-06 1.13998e-06 1.06895e-06 1.00181e-06 9.38185e-07 8.7781e-07 
0.000241719 0.000241279 0.000240327 0.000238714 0.000236234 0.000232638 0.000227657 0.000221031 0.000212553 0.000202114 0.000189735 0.000175599 0.000160084 0.000143729 0.000127131 0.000110848 9.53415e-05 8.09593e-05 6.79299e-05 5.63718e-05 4.63128e-05 3.7711e-05 3.04744e-05 2.44779e-05 1.95784e-05 1.56262e-05 1.24749e-05 9.98755e-06 8.04093e-06 6.52808e-06 5.35832e-06 4.45651e-06 3.7618e-06 3.22563e-06 2.80974e-06 2.48436e-06 2.22656e-06 2.01883e-06 1.84803e-06 1.70442e-06 1.58082e-06 1.47212e-06 1.37472e-06 1.28606e-06 1.20438e-06 1.1284e-06 1.05718e-06 9.90133e-07 9.26826e-07 8.66929e-07 
0.000194004 0.000194089 0.000194184 0.000194147 0.000193773 0.000192812 0.000190982 0.000187998 0.000183586 0.000177527 0.000169696 0.000160084 0.000148831 0.000136251 0.000122806 0.000109014 9.53688e-05 8.22843e-05 7.0079e-05 5.89684e-05 4.90716e-05 4.04273e-05 3.30119e-05 2.67554e-05 2.15574e-05 1.73e-05 1.3858e-05 1.11072e-05 8.93111e-06 7.22405e-06 5.89391e-06 4.8624e-06 4.06451e-06 3.44744e-06 2.96899e-06 2.59583e-06 2.30201e-06 2.06758e-06 1.87729e-06 1.71964e-06 1.58614e-06 1.47064e-06 1.36871e-06 1.27718e-06 1.19374e-06 1.11676e-06 1.04511e-06 9.77963e-07 9.14803e-07 8.55259e-07 
0.000154017 0.000154429 0.000155186 0.000156158 0.000157161 0.000157965 0.000158306 0.000157905 0.000156479 0.000153768 0.000149561 0.000143729 0.000136251 0.00012724 0.00011696 0.000105811 9.425e-05 8.27139e-05 7.15768e-05 6.11304e-05 5.15767e-05 4.30331e-05 3.55451e-05 2.9102e-05 2.36513e-05 1.91117e-05 1.53851e-05 1.23656e-05 9.94747e-06 8.03021e-06 6.52269e-06 5.34504e-06 4.42915e-06 3.71835e-06 3.16648e-06 2.73661e-06 2.39958e-06 2.13267e-06 1.91833e-06 1.74319e-06 1.59725e-06 1.4731e-06 1.36528e-06 1.26984e-06 1.1839e-06 1.1054e-06 1.03291e-06 9.65432e-07 9.02255e-07 8.42897e-07 
0.000121074 0.000121663 0.000122784 0.000124329 0.000126141 0.000128026 0.000129754 0.000131072 0.000131717 0.000131428 0.000129965 0.000127131 0.000122806 0.00011696 0.000109685 0.000101208 9.18788e-05 8.21001e-05 7.22626e-05 6.2704e-05 5.36912e-05 4.54127e-05 3.7982e-05 3.14487e-05 2.58114e-05 2.10305e-05 1.70397e-05 1.37567e-05 1.10911e-05 8.95194e-06 7.25228e-06 5.91284e-06 4.86388e-06 4.04575e-06 3.40871e-06 2.91225e-06 2.52388e-06 2.21789e-06 1.97426e-06 1.77758e-06 1.6161e-06 1.48095e-06 1.36548e-06 1.26481e-06 1.17539e-06 1.09469e-06 1.02089e-06 9.52731e-07 8.89302e-07 8.29935e-07 
9.43674e-05 9.5022e-05 9.62881e-05 9.80827e-05 0.000100284 0.000102734 0.000105244 0.000107602 0.000109577 0.000110931 0.000111428 0.000110848 0.000109014 0.000105811 0.000101208 9.52795e-05 8.8223e-05 8.03443e-05 7.20012e-05 6.35434e-05 5.52758e-05 4.74426e-05 4.02187e-05 3.37128e-05 2.79759e-05 2.30133e-05 1.87947e-05 1.52659e-05 1.23571e-05 9.99074e-06 8.08798e-06 6.57308e-06 5.37658e-06 4.43725e-06 3.70261e-06 3.12881e-06 2.68003e-06 2.32755e-06 2.04869e-06 1.82572e-06 1.64496e-06 1.49589e-06 1.37055e-06 1.26301e-06 1.16892e-06 1.08514e-06 1.00942e-06 9.40124e-07 8.76084e-07 8.16471e-07 
7.30297e-05 7.36755e-05 7.49391e-05 7.67618e-05 7.90541e-05 8.16977e-05 8.45474e-05 8.74329e-05 9.01639e-05 9.25345e-05 9.4331e-05 9.53415e-05 9.53688e-05 9.425e-05 9.18788e-05 8.8223e-05 8.33439e-05 7.74135e-05 7.07011e-05 6.35248e-05 5.61979e-05 4.89966e-05 4.21435e-05 3.58005e-05 3.00705e-05 2.50043e-05 2.06115e-05 1.68694e-05 1.37329e-05 1.11426e-05 9.03153e-06 7.33083e-06 5.9741e-06 4.90027e-06 4.0553e-06 3.39272e-06 2.87369e-06 2.46649e-06 2.14563e-06 1.89088e-06 1.68642e-06 1.51993e-06 1.38202e-06 1.26559e-06 1.16535e-06 1.0774e-06 9.98945e-07 9.27915e-07 8.62833e-07 8.0266e-07 
5.61997e-05 5.67951e-05 5.79674e-05 5.96783e-05 6.18685e-05 6.44564e-05 6.73369e-05 7.03817e-05 7.34414e-05 7.63474e-05 7.8917e-05 8.09593e-05 8.22843e-05 8.27139e-05 8.21001e-05 8.03443e-05 7.74135e-05 7.33586e-05 6.83291e-05 6.2563e-05 5.63441e-05 4.99537e-05 4.36414e-05 3.76103e-05 3.20099e-05 2.69363e-05 2.24397e-05 1.85322e-05 1.51971e-05 1.23965e-05 1.00796e-05 8.18799e-06 6.66139e-06 5.44131e-06 4.47368e-06 3.71062e-06 3.1109e-06 2.63997e-06 2.26952e-06 1.97672e-06 1.74343e-06 1.55545e-06 1.40178e-06 1.274e-06 1.16574e-06 1.07226e-06 9.90031e-07 9.16507e-07 8.49852e-07 7.88742e-07 
4.30807e-05 4.36037e-05 4.46378e-05 4.61608e-05 4.8138e-05 5.05179e-05 5.32306e-05 5.6186e-05 5.92729e-05 6.23605e-05 6.53003e-05 6.79299e-05 7.0079e-05 7.15768e-05 7.22626e-05 7.20012e-05 7.07011e-05 6.83291e-05 6.49268e-05 6.06252e-05 5.56349e-05 5.02094e-05 4.46015e-05 3.90371e-05 3.37014e-05 2.87318e-05 2.42183e-05 2.02091e-05 1.67183e-05 1.37333e-05 1.12225e-05 9.14191e-06 7.44046e-06 6.06505e-06 4.96389e-06 4.08904e-06 3.39787e-06 2.85357e-06 2.42517e-06 2.08726e-06 1.81935e-06 1.60519e-06 1.43201e-06 1.28995e-06 1.17142e-06 1.07067e-06 9.83394e-07 9.06445e-07 8.37536e-07 7.7503e-07 
3.29612e-05 3.34023e-05 3.42806e-05 3.55856e-05 3.72989e-05 3.93924e-05 4.18246e-05 4.4537e-05 4.74529e-05 5.04764e-05 5.3493e-05 5.63718e-05 5.89684e-05 6.11304e-05 6.2704e-05 6.35434e-05 6.35248e-05 6.2563e-05 6.06252e-05 5.77452e-05 5.40377e-05 4.96896e-05 4.49275e-05 3.99792e-05 3.50492e-05 3.03063e-05 2.58769e-05 2.18445e-05 1.82554e-05 1.51247e-05 1.24431e-05 1.01841e-05 8.30913e-06 6.77359e-06 5.53048e-06 4.53376e-06 3.74066e-06 3.11298e-06 2.61767e-06 2.22692e-06 1.91792e-06 1.67225e-06 1.47525e-06 1.31546e-06 1.18394e-06 1.07382e-06 9.79932e-07 8.9841e-07 8.26421e-07 7.61922e-07 
2.52216e-05 2.55844e-05 2.63098e-05 2.73955e-05 2.8835e-05 3.06161e-05 3.27177e-05 3.51065e-05 3.77344e-05 4.05362e-05 4.3429e-05 4.63128e-05 4.90716e-05 5.15767e-05 5.36912e-05 5.52758e-05 5.61979e-05 5.63441e-05 5.56349e-05 5.40377e-05 5.158e-05 4.8362e-05 4.45502e-05 4.03477e-05 3.59597e-05 3.15718e-05 2.7338e-05 2.33741e-05 1.97579e-05 1.65333e-05 1.37159e-05 1.12989e-05 9.25984e-06 7.56522e-06 6.17556e-06 5.04907e-06 4.1446e-06 3.42377e-06 2.85229e-06 2.40045e-06 2.04324e-06 1.76008e-06 1.53437e-06 1.35285e-06 1.20514e-06 1.08318e-06 9.80774e-07 8.93262e-07 8.17167e-07 7.49915e-07 
1.93469e-05 1.96401e-05 2.02271e-05 2.111e-05 2.22904e-05 2.37663e-05 2.55304e-05 2.75676e-05 2.98518e-05 3.23433e-05 3.4987e-05 3.7711e-05 4.04273e-05 4.30331e-05 4.54127e-05 4.74426e-05 4.89966e-05 4.99537e-05 5.02094e-05 4.96896e-05 4.8362e-05 4.62488e-05 4.34379e-05 4.00777e-05 3.63507e-05 3.24423e-05 2.85209e-05 2.4727e-05 2.1167e-05 1.79132e-05 1.50067e-05 1.24635e-05 1.02787e-05 8.43328e-06 6.89773e-06 5.63698e-06 4.61367e-06 3.79091e-06 3.13422e-06 2.61274e-06 2.1997e-06 1.87249e-06 1.61252e-06 1.40475e-06 1.2372e-06 1.10047e-06 9.87295e-07 8.92074e-07 8.10571e-07 7.3962e-07 
1.49198e-05 1.51521e-05 1.56192e-05 1.6325e-05 1.72741e-05 1.8471e-05 1.99173e-05 2.16097e-05 2.35382e-05 2.56827e-05 2.80105e-05 3.04744e-05 3.30119e-05 3.55451e-05 3.7982e-05 4.02187e-05 4.21435e-05 4.36414e-05 4.46015e-05 4.49275e-05 4.45502e-05 4.34379e-05 4.16082e-05 3.91386e-05 3.61617e-05 3.28418e-05 2.93465e-05 2.58291e-05 2.24178e-05 1.92104e-05 1.62737e-05 1.36467e-05 1.13449e-05 9.36521e-06 7.69098e-06 6.29629e-06 5.14983e-06 4.21815e-06 3.4681e-06 2.86862e-06 2.39184e-06 2.01353e-06 1.71323e-06 1.47412e-06 1.28257e-06 1.12774e-06 1.00113e-06 8.96119e-07 8.07623e-07 7.31792e-07 
1.16035e-05 1.17854e-05 1.21519e-05 1.27076e-05 1.34586e-05 1.44118e-05 1.5574e-05 1.69497e-05 1.85391e-05 2.03359e-05 2.23245e-05 2.44779e-05 2.67554e-05 2.9102e-05 3.14487e-05 3.37128e-05 3.58005e-05 3.76103e-05 3.90371e-05 3.99792e-05 4.03477e-05 4.00777e-05 3.91386e-05 3.75443e-05 3.53631e-05 3.27138e-05 2.97446e-05 2.66076e-05 2.34422e-05 2.03655e-05 1.74677e-05 1.48104e-05 1.24301e-05 1.03419e-05 8.54389e-06 7.0216e-06 5.7521e-06 4.70741e-06 3.85748e-06 3.17241e-06 2.62412e-06 2.18738e-06 1.84026e-06 1.56423e-06 1.34401e-06 1.16728e-06 1.02416e-06 9.06908e-07 8.09517e-07 7.27346e-07 
9.13339e-06 9.27447e-06 9.55844e-06 9.98978e-06 1.05751e-05 1.13223e-05 1.22403e-05 1.33377e-05 1.46211e-05 1.60927e-05 1.77492e-05 1.95784e-05 2.15574e-05 2.36513e-05 2.58114e-05 2.79759e-05 3.00705e-05 3.20099e-05 3.37014e-05 3.50492e-05 3.59597e-05 3.63507e-05 3.61617e-05 3.53631e-05 3.39656e-05 3.20298e-05 2.96625e-05 2.69975e-05 2.4173e-05 2.13161e-05 1.85339e-05 1.59093e-05 1.34991e-05 1.13375e-05 9.43903e-06 7.80257e-06 6.41566e-06 5.25789e-06 4.30418e-06 3.52741e-06 2.90056e-06 2.39823e-06 1.99753e-06 1.6786e-06 1.4246e-06 1.22165e-06 1.05851e-06 9.26194e-07 8.17651e-07 7.27375e-07 
7.30402e-06 7.41127e-06 7.62797e-06 7.95808e-06 8.40763e-06 8.98474e-06 9.69882e-06 1.05598e-05 1.15775e-05 1.27595e-05 1.41096e-05 1.56262e-05 1.73e-05 1.91117e-05 2.10305e-05 2.30133e-05 2.50043e-05 2.69363e-05 2.87318e-05 3.03063e-05 3.15718e-05 3.24423e-05 3.28418e-05 3.27138e-05 3.20298e-05 3.07983e-05 2.90729e-05 2.69499e-05 2.45504e-05 2.20001e-05 1.9415e-05 1.68932e-05 1.45106e-05 1.23198e-05 1.03528e-05 8.62332e-06 7.13112e-06 5.86527e-06 4.80755e-06 3.93538e-06 3.22429e-06 2.64983e-06 2.18896e-06 1.82091e-06 1.52761e-06 1.29371e-06 1.10658e-06 9.55955e-07 8.33638e-07 7.33168e-07 
5.95331e-06 6.03358e-06 6.1961e-06 6.44465e-06 6.78482e-06 7.22411e-06 7.77148e-06 8.43693e-06 9.23101e-06 1.01638e-05 1.12435e-05 1.24749e-05 1.3858e-05 1.53851e-05 1.70397e-05 1.87947e-05 2.06115e-05 2.24397e-05 2.42183e-05 2.58769e-05 2.7338e-05 2.85209e-05 2.93465e-05 2.97446e-05 2.96625e-05 2.90729e-05 2.79824e-05 2.64387e-05 2.45286e-05 2.23622e-05 2.00537e-05 1.77091e-05 1.54181e-05 1.32507e-05 1.12556e-05 9.46221e-06 7.88396e-06 6.52097e-06 5.36368e-06 4.39581e-06 3.59701e-06 2.94516e-06 2.41807e-06 1.99479e-06 1.65642e-06 1.38649e-06 1.171e-06 9.98394e-07 8.59301e-07 7.46221e-07 
4.95659e-06 5.01566e-06 5.13532e-06 5.31919e-06 5.57257e-06 5.90197e-06 6.31539e-06 6.82225e-06 7.43266e-06 8.15712e-06 9.00593e-06 9.98755e-06 1.11072e-05 1.23656e-05 1.37567e-05 1.52659e-05 1.68694e-05 1.85322e-05 2.02091e-05 2.18445e-05 2.33741e-05 2.4727e-05 2.58291e-05 2.66076e-05 2.69975e-05 2.69499e-05 2.64387e-05 2.54689e-05 2.40831e-05 2.23598e-05 2.03987e-05 1.83042e-05 1.61731e-05 1.40877e-05 1.21124e-05 1.02921e-05 8.65434e-06 7.21172e-06 5.96481e-06 4.90521e-06 4.01835e-06 3.28586e-06 2.68764e-06 2.20353e-06 1.81444e-06 1.50315e-06 1.25458e-06 1.05594e-06 8.96687e-07 7.68233e-07 
4.21895e-06 4.26125e-06 4.34773e-06 4.48151e-06 4.66698e-06 4.90997e-06 5.21755e-06 5.59784e-06 6.06014e-06 6.61457e-06 7.27152e-06 8.04093e-06 8.93111e-06 9.94747e-06 1.10911e-05 1.23571e-05 1.37329e-05 1.51971e-05 1.67183e-05 1.82554e-05 1.97579e-05 2.1167e-05 2.24178e-05 2.34422e-05 2.4173e-05 2.45504e-05 2.45286e-05 2.40831e-05 2.32174e-05 2.19695e-05 2.04104e-05 1.8631e-05 1.67266e-05 1.47857e-05 1.28841e-05 1.10808e-05 9.41731e-06 7.91935e-06 6.59878e-06 5.45652e-06 4.48519e-06 3.67164e-06 2.99924e-06 2.44973e-06 2.00474e-06 1.64682e-06 1.36024e-06 1.13121e-06 9.48059e-07 8.01105e-07 
3.66781e-06 3.69791e-06 3.75946e-06 3.85501e-06 3.98833e-06 4.16448e-06 4.38945e-06 4.67028e-06 5.0152e-06 5.43334e-06 5.93434e-06 6.52808e-06 7.22405e-06 8.03021e-06 8.95194e-06 9.99074e-06 1.11426e-05 1.23965e-05 1.37333e-05 1.51247e-05 1.65333e-05 1.79132e-05 1.92104e-05 2.03655e-05 2.13161e-05 2.20001e-05 2.23622e-05 2.23598e-05 2.19695e-05 2.11937e-05 2.00667e-05 1.86527e-05 1.70348e-05 1.52999e-05 1.35292e-05 1.17922e-05 1.01432e-05 8.62092e-06 7.24897e-06 6.03865e-06 4.99107e-06 4.0997e-06 3.35268e-06 2.7349e-06 2.22973e-06 1.82037e-06 1.49091e-06 1.22693e-06 1.01584e-06 8.46927e-07 
3.25094e-06 3.27212e-06 3.31513e-06 3.38203e-06 3.47609e-06 3.6013e-06 3.76274e-06 3.96663e-06 4.21995e-06 4.53052e-06 4.90695e-06 5.35832e-06 5.89391e-06 6.52269e-06 7.25228e-06 8.08798e-06 9.03153e-06 1.00796e-05 1.12225e-05 1.24431e-05 1.37159e-05 1.50067e-05 1.62737e-05 1.74677e-05 1.85339e-05 1.9415e-05 2.00537e-05 2.03987e-05 2.04104e-05 2.00667e-05 1.93692e-05 1.83486e-05 1.70635e-05 1.55894e-05 1.40061e-05 1.2388e-05 1.0799e-05 9.28922e-06 7.8943e-06 6.63632e-06 5.52585e-06 4.56414e-06 3.74539e-06 3.05887e-06 2.49082e-06 2.02605e-06 1.64923e-06 1.3458e-06 1.10256e-06 9.0793e-07 
2.9306e-06 2.9447e-06 2.97393e-06 3.01985e-06 3.08466e-06 3.17169e-06 3.28527e-06 3.43053e-06 3.61331e-06 3.84024e-06 4.11864e-06 4.45651e-06 4.8624e-06 5.34504e-06 5.91284e-06 6.57308e-06 7.33083e-06 8.18799e-06 9.14191e-06 1.01841e-05 1.12989e-05 1.24635e-05 1.36467e-05 1.48104e-05 1.59093e-05 1.68932e-05 1.77091e-05 1.83042e-05 1.8631e-05 1.86527e-05 1.83486e-05 1.77195e-05 1.6793e-05 1.56226e-05 1.42772e-05 1.283e-05 1.13492e-05 9.89367e-06 8.5097e-06 7.23013e-06 6.07547e-06 5.05566e-06 4.172e-06 3.41933e-06 2.7879e-06 2.2652e-06 1.83734e-06 1.4903e-06 1.2107e-06 9.86434e-07 
2.67783e-06 2.68713e-06 2.70644e-06 2.73688e-06 2.78028e-06 2.83933e-06 2.91748e-06 3.01878e-06 3.14804e-06 3.31076e-06 3.51306e-06 3.7618e-06 4.06451e-06 4.42915e-06 4.86388e-06 5.37658e-06 5.9741e-06 6.66139e-06 7.44046e-06 8.30913e-06 9.25984e-06 1.02787e-05 1.13449e-05 1.24301e-05 1.34991e-05 1.45106e-05 1.54181e-05 1.61731e-05 1.67266e-05 1.70348e-05 1.70635e-05 1.6793e-05 1.62239e-05 1.5381e-05 1.4313e-05 1.30832e-05 1.17585e-05 1.04017e-05 9.06697e-06 7.79698e-06 6.62208e-06 5.56131e-06 4.62394e-06 3.81134e-06 3.11888e-06 2.53775e-06 2.05648e-06 1.66238e-06 1.34256e-06 1.08474e-06 
2.47298e-06 2.47903e-06 2.49117e-06 2.5104e-06 2.53846e-06 2.5774e-06 2.62971e-06 2.69859e-06 2.78784e-06 2.9019e-06 3.04592e-06 3.22563e-06 3.44744e-06 3.71835e-06 4.04575e-06 4.43725e-06 4.90027e-06 5.44131e-06 6.06505e-06 6.77359e-06 7.56522e-06 8.43328e-06 9.36521e-06 1.03419e-05 1.13375e-05 1.23198e-05 1.32507e-05 1.40877e-05 1.47857e-05 1.52999e-05 1.55894e-05 1.56226e-05 1.5381e-05 1.48648e-05 1.40964e-05 1.31203e-05 1.19946e-05 1.07805e-05 9.53602e-06 8.31087e-06 7.14438e-06 6.06463e-06 5.08929e-06 4.22704e-06 3.47926e-06 2.8418e-06 2.30661e-06 1.8632e-06 1.49993e-06 1.20495e-06 
2.30264e-06 2.30579e-06 2.31273e-06 2.32432e-06 2.34166e-06 2.36626e-06 2.40003e-06 2.44533e-06 2.50508e-06 2.58285e-06 2.68281e-06 2.80974e-06 2.96899e-06 3.16648e-06 3.40871e-06 3.70261e-06 4.0553e-06 4.47368e-06 4.96389e-06 5.53048e-06 6.17556e-06 6.89773e-06 7.69098e-06 8.54389e-06 9.43903e-06 1.03528e-05 1.12556e-05 1.21124e-05 1.28841e-05 1.35292e-05 1.40061e-05 1.42772e-05 1.4313e-05 1.40964e-05 1.3627e-05 1.29254e-05 1.20322e-05 1.10004e-05 9.88663e-06 8.74397e-06 7.61833e-06 6.54599e-06 5.55291e-06 4.65546e-06 3.86177e-06 3.17318e-06 2.58596e-06 2.09273e-06 1.68389e-06 1.34874e-06 
2.15558e-06 2.1571e-06 2.16077e-06 2.16724e-06 2.17723e-06 2.1918e-06 2.21237e-06 2.2407e-06 2.27901e-06 2.3301e-06 2.39726e-06 2.48436e-06 2.59583e-06 2.73661e-06 2.91225e-06 3.12881e-06 3.39272e-06 3.71062e-06 4.08904e-06 4.53376e-06 5.04907e-06 5.63698e-06 6.29629e-06 7.0216e-06 7.80257e-06 8.62332e-06 9.46221e-06 1.02921e-05 1.10808e-05 1.17922e-05 1.2388e-05 1.283e-05 1.30832e-05 1.31203e-05 1.29254e-05 1.24978e-05 1.18562e-05 1.10377e-05 1.00911e-05 9.06834e-06 8.01824e-06 6.98318e-06 5.99665e-06 5.08264e-06 4.25631e-06 3.52523e-06 2.8907e-06 2.34934e-06 1.89441e-06 1.51712e-06 
2.02524e-06 2.02626e-06 2.02815e-06 2.03122e-06 2.03621e-06 2.04384e-06 2.05508e-06 2.07132e-06 2.09427e-06 2.126e-06 2.16908e-06 2.22656e-06 2.30201e-06 2.39958e-06 2.52388e-06 2.68003e-06 2.87369e-06 3.1109e-06 3.39787e-06 3.74066e-06 4.1446e-06 4.61367e-06 5.14983e-06 5.7521e-06 6.41566e-06 7.13112e-06 7.88396e-06 8.65434e-06 9.41731e-06 1.01432e-05 1.0799e-05 1.13492e-05 1.17585e-05 1.19946e-05 1.20322e-05 1.18562e-05 1.1466e-05 1.08785e-05 1.01277e-05 9.25837e-06 8.31828e-06 7.35249e-06 6.40003e-06 5.4918e-06 4.64997e-06 3.88859e-06 3.21467e-06 2.62951e-06 2.13003e-06 1.71009e-06 
1.90893e-06 1.90922e-06 1.9098e-06 1.91072e-06 1.91227e-06 1.91504e-06 1.91981e-06 1.92755e-06 1.93958e-06 1.95745e-06 1.98307e-06 2.01883e-06 2.06758e-06 2.13267e-06 2.21789e-06 2.32755e-06 2.46649e-06 2.63997e-06 2.85357e-06 3.11298e-06 3.42377e-06 3.79091e-06 4.21815e-06 4.70741e-06 5.25789e-06 5.86527e-06 6.52097e-06 7.21172e-06 7.91935e-06 8.62092e-06 9.28922e-06 9.89367e-06 1.04017e-05 1.07805e-05 1.10004e-05 1.10377e-05 1.08785e-05 1.05219e-05 9.98327e-06 9.29381e-06 8.49474e-06 7.62999e-06 6.74108e-06 5.86399e-06 5.02724e-06 4.25132e-06 3.54925e-06 2.92756e-06 2.38751e-06 1.92634e-06 
1.80343e-06 1.80303e-06 1.80245e-06 1.80174e-06 1.80091e-06 1.80032e-06 1.8006e-06 1.80244e-06 1.80679e-06 1.8148e-06 1.82794e-06 1.84803e-06 1.87729e-06 1.91833e-06 1.97426e-06 2.04869e-06 2.14563e-06 2.26952e-06 2.42517e-06 2.61767e-06 2.85229e-06 3.13422e-06 3.4681e-06 3.85748e-06 4.30418e-06 4.80755e-06 5.36368e-06 5.96481e-06 6.59878e-06 7.24897e-06 7.8943e-06 8.5097e-06 9.06697e-06 9.53602e-06 9.88663e-06 1.00911e-05 1.01277e-05 9.98327e-06 9.65683e-06 9.16247e-06 8.52881e-06 7.79372e-06 6.99766e-06 6.17889e-06 5.37059e-06 4.59911e-06 3.88341e-06 3.23555e-06 2.66164e-06 2.16293e-06 
1.7059e-06 1.70521e-06 1.70373e-06 1.70157e-06 1.69897e-06 1.69609e-06 1.69325e-06 1.69101e-06 1.69002e-06 1.69112e-06 1.69546e-06 1.70442e-06 1.71964e-06 1.74319e-06 1.77758e-06 1.82572e-06 1.89088e-06 1.97672e-06 2.08726e-06 2.22692e-06 2.40045e-06 2.61274e-06 2.86862e-06 3.17241e-06 3.52741e-06 3.93538e-06 4.39581e-06 4.90521e-06 5.45652e-06 6.03865e-06 6.63632e-06 7.23013e-06 7.79698e-06 8.31087e-06 8.74397e-06 9.06834e-06 9.25837e-06 9.29381e-06 9.16247e-06 8.8633e-06 8.40912e-06 7.82622e-06 7.14942e-06 6.416e-06 5.66123e-06 4.91575e-06 4.20393e-06 3.54332e-06 2.94513e-06 2.41508e-06 
1.6149e-06 1.61374e-06 1.6115e-06 1.6083e-06 1.60433e-06 1.59978e-06 1.59483e-06 1.58976e-06 1.58507e-06 1.58145e-06 1.57969e-06 1.58082e-06 1.58614e-06 1.59725e-06 1.6161e-06 1.64496e-06 1.68642e-06 1.74343e-06 1.81935e-06 1.91792e-06 2.04324e-06 2.1997e-06 2.39184e-06 2.62412e-06 2.90056e-06 3.22429e-06 3.59701e-06 4.01835e-06 4.48519e-06 4.99107e-06 5.52585e-06 6.07547e-06 6.62208e-06 7.14438e-06 7.61833e-06 8.01824e-06 8.31828e-06 8.49474e-06 8.52881e-06 8.40912e-06 8.13458e-06 7.71686e-06 7.18012e-06 6.55644e-06 5.88016e-06 5.18386e-06 4.49585e-06 3.83868e-06 3.22861e-06 2.67607e-06 
1.5285e-06 1.52702e-06 1.52428e-06 1.5204e-06 1.51548e-06 1.50969e-06 1.50321e-06 1.49622e-06 1.48907e-06 1.48225e-06 1.47634e-06 1.47212e-06 1.47064e-06 1.4731e-06 1.48095e-06 1.49589e-06 1.51993e-06 1.55545e-06 1.60519e-06 1.67225e-06 1.76008e-06 1.87249e-06 2.01353e-06 2.18738e-06 2.39823e-06 2.64983e-06 2.94516e-06 3.28586e-06 3.67164e-06 4.0997e-06 4.56414e-06 5.05566e-06 5.56131e-06 6.06463e-06 6.54599e-06 6.98318e-06 7.35249e-06 7.62999e-06 7.79372e-06 7.82622e-06 7.71686e-06 7.46452e-06 7.07989e-06 6.58517e-06 6.00993e-06 5.38588e-06 4.74311e-06 4.10781e-06 3.50084e-06 2.9373e-06 
1.44536e-06 1.44393e-06 1.44101e-06 1.43672e-06 1.43121e-06 1.42457e-06 1.41698e-06 1.40872e-06 1.39998e-06 1.39104e-06 1.38241e-06 1.37472e-06 1.36871e-06 1.36528e-06 1.36548e-06 1.37055e-06 1.38202e-06 1.40178e-06 1.43201e-06 1.47525e-06 1.53437e-06 1.61252e-06 1.71323e-06 1.84026e-06 1.99753e-06 2.18896e-06 2.41807e-06 2.68764e-06 2.99924e-06 3.35268e-06 3.74539e-06 4.172e-06 4.62394e-06 5.08929e-06 5.55291e-06 5.99665e-06 6.40003e-06 6.74108e-06 6.99766e-06 7.14942e-06 7.18012e-06 7.07989e-06 6.84758e-06 6.493e-06 6.0366e-06 5.50567e-06 4.9295e-06 4.33589e-06 3.74908e-06 3.18842e-06 
1.36534e-06 1.36386e-06 1.3609e-06 1.35646e-06 1.35058e-06 1.34343e-06 1.33522e-06 1.32613e-06 1.31636e-06 1.30616e-06 1.2959e-06 1.28606e-06 1.27718e-06 1.26984e-06 1.26481e-06 1.26301e-06 1.26559e-06 1.274e-06 1.28995e-06 1.31546e-06 1.35285e-06 1.40475e-06 1.47412e-06 1.56423e-06 1.6786e-06 1.82091e-06 1.99479e-06 2.20353e-06 2.44973e-06 2.7349e-06 3.05887e-06 3.41933e-06 3.81134e-06 4.22704e-06 4.65546e-06 5.08264e-06 5.4918e-06 5.86399e-06 6.17889e-06 6.416e-06 6.55644e-06 6.58517e-06 6.493e-06 6.27882e-06 5.95164e-06 5.53033e-06 5.04006e-06 4.50793e-06 3.95965e-06 3.41767e-06 
1.28803e-06 1.2865e-06 1.2835e-06 1.27899e-06 1.27299e-06 1.26567e-06 1.25718e-06 1.24765e-06 1.23732e-06 1.22649e-06 1.21541e-06 1.20438e-06 1.19374e-06 1.1839e-06 1.17539e-06 1.16892e-06 1.16535e-06 1.16574e-06 1.17142e-06 1.18394e-06 1.20514e-06 1.2372e-06 1.28257e-06 1.34401e-06 1.4246e-06 1.52761e-06 1.65642e-06 1.81444e-06 2.00474e-06 2.22973e-06 2.49082e-06 2.7879e-06 3.11888e-06 3.47926e-06 3.86177e-06 4.25631e-06 4.64997e-06 5.02724e-06 5.37059e-06 5.66123e-06 5.88016e-06 6.00993e-06 6.0366e-06 5.95164e-06 5.75398e-06 5.45193e-06 5.06288e-06 4.61013e-06 4.11871e-06 3.61241e-06 
1.21305e-06 1.21157e-06 1.20852e-06 1.20398e-06 1.19808e-06 1.19084e-06 1.18234e-06 1.17276e-06 1.16235e-06 1.15135e-06 1.13998e-06 1.1284e-06 1.11676e-06 1.1054e-06 1.09469e-06 1.08514e-06 1.0774e-06 1.07226e-06 1.07067e-06 1.07382e-06 1.08318e-06 1.10047e-06 1.12774e-06 1.16728e-06 1.22165e-06 1.29371e-06 1.38649e-06 1.50315e-06 1.64682e-06 1.82037e-06 2.02605e-06 2.2652e-06 2.53775e-06 2.8418e-06 3.17318e-06 3.52523e-06 3.88859e-06 4.25132e-06 4.59911e-06 4.91575e-06 5.18386e-06 5.38588e-06 5.50567e-06 5.53033e-06 5.45193e-06 5.26948e-06 4.99063e-06 4.63145e-06 4.21348e-06 3.75984e-06 
1.14038e-06 1.1388e-06 1.13576e-06 1.13139e-06 1.12568e-06 1.11866e-06 1.11041e-06 1.10115e-06 1.09105e-06 1.08028e-06 1.06895e-06 1.05718e-06 1.04511e-06 1.03291e-06 1.02089e-06 1.00942e-06 9.98945e-07 9.90031e-07 9.83394e-07 9.79932e-07 9.80774e-07 9.87295e-07 1.00113e-06 1.02416e-06 1.05851e-06 1.10658e-06 1.171e-06 1.25458e-06 1.36024e-06 1.49091e-06 1.64923e-06 1.83734e-06 2.05648e-06 2.30661e-06 2.58596e-06 2.8907e-06 3.21467e-06 3.54925e-06 3.88341e-06 4.20393e-06 4.49585e-06 4.74311e-06 4.9295e-06 5.04006e-06 5.06288e-06 4.99063e-06 4.82235e-06 4.56511e-06 4.23374e-06 3.84813e-06 
1.06955e-06 1.06809e-06 1.06529e-06 1.06118e-06 1.05573e-06 1.04907e-06 1.04135e-06 1.03269e-06 1.02317e-06 1.01286e-06 1.00181e-06 9.90133e-07 9.77963e-07 9.65432e-07 9.52731e-07 9.40124e-07 9.27915e-07 9.16507e-07 9.06445e-07 8.9841e-07 8.93262e-07 8.92074e-07 8.96119e-07 9.06908e-07 9.26194e-07 9.55955e-07 9.98394e-07 1.05594e-06 1.13121e-06 1.22693e-06 1.3458e-06 1.4903e-06 1.66238e-06 1.8632e-06 2.09273e-06 2.34934e-06 2.62951e-06 2.92756e-06 3.23555e-06 3.54332e-06 3.83868e-06 4.10781e-06 4.33589e-06 4.50793e-06 4.61013e-06 4.63145e-06 4.56511e-06 4.41019e-06 4.17318e-06 3.86776e-06 
1.00081e-06 9.99676e-07 9.97202e-07 9.93354e-07 9.8831e-07 9.82228e-07 9.75208e-07 9.67305e-07 9.58496e-07 9.48769e-07 9.38185e-07 9.26826e-07 9.14803e-07 9.02255e-07 8.89302e-07 8.76084e-07 8.62833e-07 8.49852e-07 8.37536e-07 8.26421e-07 8.17167e-07 8.10571e-07 8.07623e-07 8.09517e-07 8.17651e-07 8.33638e-07 8.59301e-07 8.96687e-07 9.48059e-07 1.01584e-06 1.10256e-06 1.2107e-06 1.34256e-06 1.49993e-06 1.68389e-06 1.89441e-06 2.13003e-06 2.38751e-06 2.66164e-06 2.94513e-06 3.22861e-06 3.50084e-06 3.74908e-06 3.95965e-06 4.11871e-06 4.21348e-06 4.23374e-06 4.17318e-06 4.0309e-06 3.81284e-06 
9.35046e-07 9.33878e-07 9.31544e-07 9.28103e-07 9.23664e-07 9.18323e-07 9.12103e-07 9.04972e-07 8.96881e-07 8.87816e-07 8.7781e-07 8.66929e-07 8.55259e-07 8.42897e-07 8.29935e-07 8.16471e-07 8.0266e-07 7.88742e-07 7.7503e-07 7.61922e-07 7.49915e-07 7.3962e-07 7.31792e-07 7.27346e-07 7.27375e-07 7.33168e-07 7.46221e-07 7.68233e-07 8.01105e-07 8.46927e-07 9.0793e-07 9.86434e-07 1.08474e-06 1.20495e-06 1.34874e-06 1.51712e-06 1.71009e-06 1.92634e-06 2.16293e-06 2.41508e-06 2.67607e-06 2.9373e-06 3.18842e-06 3.41767e-06 3.61241e-06 3.75984e-06 3.84813e-06 3.86776e-06 3.81284e-06 3.68247e-06 
}
double dx 2
bool fixed_width_bins true
int l 0
int m 0
int ndata 50
string particle1 pi+
string particle2 pi+
bool realpart true
bool spherical_harmonic true
double xoffset 1
vector_double y_datablock {
2.00675
1.97534
1.9189
1.84562
1.76213
1.67379
1.58525
1.50019
1.421
1.34918
1.28553
1.23027
1.18321
1.14389
1.1116
1.08552
1.06478
1.04851
1.03592
1.02629
1.01899
1.01353
1.00948
1.00651
1.00436
1.00283
1.00175
1.00101
1.00051
1.00018
0.999972
0.999847
0.999779
0.999747
0.99974
0.999748
0.999763
0.999785
0.999809
0.999835
0.99986
0.999883
0.999903
0.99992
0.999935
0.999946
0.999954
0.99996
0.999963
0.999965
}