
bool bigQ false
matrix_double covmtx_datablock {
3.39526e-12 7.89167e-11 3.14719e-10 5.18002e-10 4.88522e-10 3.87959e-10 3.89567e-10 4.09057e-10 3.90038e-10 3.90108e-10 3.94148e-10 3.6548e-10 3.3423e-10 3.08863e-10 2.71637e-10 2.35765e-10 2.05075e-10 1.66987e-10 1.3223e-10 1.07684e-10 8.23725e-11 5.93312e-11 4.49473e-11 3.29217e-11 2.26293e-11 1.69843e-11 1.25672e-11 9.26103e-12 7.75607e-12 5.20294e-12 3.46435e-12 3.83947e-12 2.65923e-12 1.29364e-12 2.18174e-12 1.96227e-12 6.26145e-13 9.56804e-13 9.74735e-13 5.089e-14 3.84654e-13 6.94915e-13 2.23991e-14 5.316e-14 3.48743e-13 1.37268e-13 2.42539e-13 2.47901e-13 -3.67167e-14 2.32161e-13 
7.89167e-11 1.85389e-09 7.56695e-09 1.30401e-08 1.33433e-08 1.15179e-08 1.15706e-08 1.20886e-08 1.18167e-08 1.18405e-08 1.18703e-08 1.11316e-08 1.02314e-08 9.40486e-09 8.32339e-09 7.247e-09 6.26226e-09 5.13279e-09 4.09305e-09 3.29995e-09 2.53277e-09 1.84811e-09 1.38322e-09 1.01162e-09 7.06314e-10 5.20258e-10 3.84575e-10 2.86384e-10 2.2951e-10 1.57658e-10 1.0985e-10 1.08356e-10 7.69343e-11 4.45029e-11 6.01706e-11 5.34221e-11 2.27621e-11 2.60562e-11 2.43773e-11 4.23499e-12 1.01529e-11 1.62748e-11 1.79004e-12 1.19668e-12 7.53252e-12 4.1711e-12 5.82211e-12 5.05469e-12 -6.24582e-13 5.29592e-12 
3.14719e-10 7.56695e-09 3.24365e-08 6.11765e-08 7.21171e-08 7.0974e-08 7.26884e-08 7.59612e-08 7.67085e-08 7.73377e-08 7.69974e-08 7.32552e-08 6.78979e-08 6.21616e-08 5.54422e-08 4.84904e-08 4.16489e-08 3.44359e-08 2.77249e-08 2.21375e-08 1.70745e-08 1.26769e-08 9.39756e-09 6.87176e-09 4.89865e-09 3.55992e-09 2.63464e-09 1.98463e-09 1.5247e-09 1.0917e-09 8.03972e-10 6.91463e-10 5.15668e-10 3.65796e-10 3.7813e-10 3.28002e-10 1.99248e-10 1.69868e-10 1.38873e-10 6.33769e-11 6.97753e-11 8.21959e-11 3.04959e-11 1.75749e-11 3.79735e-11 3.55711e-11 3.65052e-11 2.68692e-11 1.13062e-11 3.34352e-11 
5.18002e-10 1.30401e-08 6.11765e-08 1.3351e-07 1.90373e-07 2.19582e-07 2.37265e-07 2.52212e-07 2.62641e-07 2.68014e-07 2.66949e-07 2.57361e-07 2.41062e-07 2.21018e-07 1.98463e-07 1.74398e-07 1.49593e-07 1.24684e-07 1.0128e-07 8.05744e-08 6.24448e-08 4.70393e-08 3.48231e-08 2.54803e-08 1.8429e-08 1.33591e-08 9.86964e-09 7.42991e-09 5.58411e-09 4.1283e-09 3.12097e-09 2.46272e-09 1.90834e-09 1.51015e-09 1.32476e-09 1.11765e-09 8.32047e-10 6.21297e-10 4.59895e-10 3.16849e-10 2.64575e-10 2.34491e-10 1.51249e-10 1.0021e-10 1.17008e-10 1.35787e-10 1.23643e-10 9.08891e-11 8.0907e-11 1.14816e-10 
4.88522e-10 1.33433e-08 7.21171e-08 1.90373e-07 3.32906e-07 4.51885e-07 5.33255e-07 5.90679e-07 6.32913e-07 6.5721e-07 6.61061e-07 6.44998e-07 6.11183e-07 5.64492e-07 5.10023e-07 4.50392e-07 3.8782e-07 3.25518e-07 2.66386e-07 2.12608e-07 1.6566e-07 1.26061e-07 9.39034e-08 6.89622e-08 5.02707e-08 3.66298e-08 2.69958e-08 2.01642e-08 1.50987e-08 1.1339e-08 8.6051e-09 6.61003e-09 5.20444e-09 4.2304e-09 3.49436e-09 2.88133e-09 2.28727e-09 1.69383e-09 1.23029e-09 9.36999e-10 7.28087e-10 5.66174e-10 4.36697e-10 3.37919e-10 3.15939e-10 3.36329e-10 3.08862e-10 2.61661e-10 2.62815e-10 2.89819e-10 
3.87959e-10 1.15179e-08 7.0974e-08 2.19582e-07 4.51885e-07 7.08596e-07 9.29676e-07 1.0964e-06 1.21562e-06 1.29077e-06 1.32029e-06 1.3059e-06 1.25315e-06 1.16989e-06 1.06504e-06 9.46365e-07 8.20404e-07 6.9357e-07 5.71716e-07 4.59579e-07 3.60657e-07 2.76747e-07 2.08059e-07 1.53924e-07 1.129e-07 8.27411e-08 6.09371e-08 4.52519e-08 3.38999e-08 2.55686e-08 1.93979e-08 1.49048e-08 1.17403e-08 9.4734e-09 7.72006e-09 6.27403e-09 4.99092e-09 3.81003e-09 2.83623e-09 2.14051e-09 1.63835e-09 1.25625e-09 9.92233e-10 8.30495e-10 7.40464e-10 6.92918e-10 6.54831e-10 6.22038e-10 6.11304e-10 6.07245e-10 
3.89567e-10 1.15706e-08 7.26884e-08 2.37265e-07 5.33255e-07 9.29676e-07 1.34638e-06 1.70747e-06 1.98046e-06 2.16406e-06 2.26121e-06 2.27517e-06 2.215e-06 2.09353e-06 1.925e-06 1.72486e-06 1.50746e-06 1.28489e-06 1.06802e-06 8.66129e-07 6.85824e-07 5.31082e-07 4.03206e-07 3.01188e-07 2.22606e-07 1.63917e-07 1.20892e-07 8.96628e-08 6.70744e-08 5.05843e-08 3.8462e-08 2.96366e-08 2.32466e-08 1.85671e-08 1.5008e-08 1.20913e-08 9.59062e-09 7.46928e-09 5.69712e-09 4.28571e-09 3.25235e-09 2.51817e-09 2.01105e-09 1.69444e-09 1.48483e-09 1.33445e-09 1.26012e-09 1.23079e-09 1.19127e-09 1.12128e-09 
4.09057e-10 1.20886e-08 7.59612e-08 2.52212e-07 5.90679e-07 1.0964e-06 1.70747e-06 2.31726e-06 2.83249e-06 3.20934e-06 3.44135e-06 3.5344e-06 3.49944e-06 3.35438e-06 3.12212e-06 2.8274e-06 2.4948e-06 2.14657e-06 1.80164e-06 1.47569e-06 1.18062e-06 9.23933e-07 7.08932e-07 5.35158e-07 3.9912e-07 2.95605e-07 2.18688e-07 1.62354e-07 1.21296e-07 9.14076e-08 6.96186e-08 5.36628e-08 4.19388e-08 3.32461e-08 2.66075e-08 2.1309e-08 1.69359e-08 1.32918e-08 1.02752e-08 7.83034e-09 5.95523e-09 4.62734e-09 3.72438e-09 3.10237e-09 2.68153e-09 2.41242e-09 2.2516e-09 2.15723e-09 2.05745e-09 1.8956e-09 
3.90038e-10 1.18167e-08 7.67085e-08 2.62641e-07 6.32913e-07 1.21562e-06 1.98046e-06 2.83249e-06 3.64181e-06 4.30062e-06 4.75734e-06 5.00407e-06 5.05183e-06 4.92238e-06 4.64693e-06 4.26162e-06 3.80359e-06 3.30842e-06 2.80718e-06 2.32511e-06 1.88163e-06 1.48989e-06 1.15664e-06 8.82886e-07 6.65003e-07 4.96364e-07 3.68971e-07 2.74484e-07 2.05153e-07 1.54556e-07 1.17654e-07 9.05995e-08 7.05951e-08 5.56096e-08 4.41544e-08 3.51884e-08 2.79807e-08 2.20566e-08 1.71917e-08 1.32754e-08 1.02244e-08 7.97321e-09 6.3921e-09 5.29382e-09 4.54862e-09 4.06998e-09 3.75415e-09 3.50998e-09 3.27392e-09 3.01315e-09 
3.90108e-10 1.18405e-08 7.73377e-08 2.68014e-07 6.5721e-07 1.29077e-06 2.16406e-06 3.20934e-06 4.30062e-06 5.28918e-06 6.05739e-06 6.54953e-06 6.76074e-06 6.71247e-06 6.44096e-06 5.99319e-06 5.42077e-06 4.7745e-06 4.10081e-06 3.4386e-06 2.81784e-06 2.2597e-06 1.77651e-06 1.37238e-06 1.04495e-06 7.87119e-07 5.8898e-07 4.39817e-07 3.29304e-07 2.48136e-07 1.88667e-07 1.44992e-07 1.12613e-07 8.82676e-08 6.97024e-08 5.52986e-08 4.38907e-08 3.46965e-08 2.72339e-08 2.12498e-08 1.65725e-08 1.30101e-08 1.03973e-08 8.57558e-09 7.3368e-09 6.49095e-09 5.89196e-09 5.40652e-09 4.96893e-09 4.57939e-09 
3.94148e-10 1.18703e-08 7.69974e-08 2.66949e-07 6.61061e-07 1.32029e-06 2.26121e-06 3.44135e-06 4.75734e-06 6.05739e-06 7.17892e-06 8.00058e-06 8.46961e-06 8.58964e-06 8.39613e-06 7.94265e-06 7.29357e-06 6.51608e-06 5.67367e-06 4.82191e-06 4.00526e-06 3.25585e-06 2.59414e-06 2.02998e-06 1.56409e-06 1.19031e-06 8.98042e-07 6.74505e-07 5.06595e-07 3.82069e-07 2.90263e-07 2.22525e-07 1.72228e-07 1.34472e-07 1.05739e-07 8.355e-08 6.61618e-08 5.23605e-08 4.13283e-08 3.2528e-08 2.55942e-08 2.02422e-08 1.62302e-08 1.33387e-08 1.13207e-08 9.89593e-09 8.83191e-09 7.99231e-09 7.30254e-09 6.71385e-09 
3.6548e-10 1.11316e-08 7.32552e-08 2.57361e-07 6.44998e-07 1.3059e-06 2.27517e-06 3.5344e-06 5.00407e-06 6.54953e-06 8.00058e-06 9.18968e-06 9.99908e-06 1.03847e-05 1.03636e-05 9.98781e-06 9.32903e-06 8.46824e-06 7.48638e-06 6.45703e-06 5.44185e-06 4.48779e-06 3.6268e-06 2.8772e-06 2.24545e-06 1.72852e-06 1.31674e-06 9.96368e-07 7.51936e-07 5.68291e-07 4.31646e-07 3.30251e-07 2.54794e-07 1.98218e-07 1.55292e-07 1.22296e-07 9.6638e-08 7.64987e-08 6.0591e-08 4.7985e-08 3.80286e-08 3.02879e-08 2.44062e-08 2.00349e-08 1.68514e-08 1.45369e-08 1.28057e-08 1.14739e-08 1.04204e-08 9.54141e-09 
3.3423e-10 1.02314e-08 6.78979e-08 2.41062e-07 6.11183e-07 1.25315e-06 2.215e-06 3.49944e-06 5.05183e-06 6.76074e-06 8.46961e-06 9.99908e-06 1.11845e-05 1.19185e-05 1.2171e-05 1.19745e-05 1.13985e-05 1.05309e-05 9.46693e-06 8.29763e-06 7.10302e-06 5.94776e-06 4.87907e-06 3.92708e-06 3.10709e-06 2.42206e-06 1.8654e-06 1.42412e-06 1.08171e-06 8.20536e-07 6.23834e-07 4.76764e-07 3.66905e-07 2.84471e-07 2.22106e-07 1.74419e-07 1.37574e-07 1.08879e-07 8.63845e-08 6.86764e-08 5.47513e-08 4.38781e-08 3.54999e-08 2.91366e-08 2.43451e-08 2.07649e-08 1.81019e-08 1.60821e-08 1.44939e-08 1.31989e-08 
3.08863e-10 9.40486e-09 6.21616e-08 2.21018e-07 5.64492e-07 1.16989e-06 2.09353e-06 3.35438e-06 4.92238e-06 6.71247e-06 8.58964e-06 1.03847e-05 1.19185e-05 1.30365e-05 1.36465e-05 1.37344e-05 1.33489e-05 1.25745e-05 1.15126e-05 1.02679e-05 8.93821e-06 7.60684e-06 6.33898e-06 5.18046e-06 4.15886e-06 3.28619e-06 2.56187e-06 1.97604e-06 1.51293e-06 1.15381e-06 8.79545e-07 6.72297e-07 5.1652e-07 3.99377e-07 3.10856e-07 2.43466e-07 1.91709e-07 1.5162e-07 1.20372e-07 9.5927e-08 7.67885e-08 6.18269e-08 5.01794e-08 4.11738e-08 3.42686e-08 2.90228e-08 2.50674e-08 2.20697e-08 1.97382e-08 1.78483e-08 
2.71637e-10 8.32339e-09 5.54422e-08 1.98463e-07 5.10023e-07 1.06504e-06 1.925e-06 3.12212e-06 4.64693e-06 6.44096e-06 8.39613e-06 1.03636e-05 1.2171e-05 1.36465e-05 1.46503e-05 1.51076e-05 1.50203e-05 1.44509e-05 1.34957e-05 1.22652e-05 1.08703e-05 9.41219e-06 7.97488e-06 6.62259e-06 5.39883e-06 4.32806e-06 3.41897e-06 2.66782e-06 2.06201e-06 1.58368e-06 1.21261e-06 9.28581e-07 7.1313e-07 5.50369e-07 4.27302e-07 3.33831e-07 2.6236e-07 2.07288e-07 1.64581e-07 1.31329e-07 1.05371e-07 8.5076e-08 6.91943e-08 5.67893e-08 4.71706e-08 3.97722e-08 3.41027e-08 2.97609e-08 2.6393e-08 2.36825e-08 
2.35765e-10 7.247e-09 4.84904e-08 1.74398e-07 4.50392e-07 9.46365e-07 1.72486e-06 2.8274e-06 4.26162e-06 5.99319e-06 7.94265e-06 9.98781e-06 1.19745e-05 1.37344e-05 1.51076e-05 1.5971e-05 1.62667e-05 1.60105e-05 1.52755e-05 1.41662e-05 1.27987e-05 1.12871e-05 9.73319e-06 8.22025e-06 6.81018e-06 5.54355e-06 4.44169e-06 3.51024e-06 2.74289e-06 2.12501e-06 1.63723e-06 1.25836e-06 9.67618e-07 7.46292e-07 5.78393e-07 4.50881e-07 3.53624e-07 2.79022e-07 2.21446e-07 1.7677e-07 1.41966e-07 1.14758e-07 9.34372e-08 7.67329e-08 6.36767e-08 5.35165e-08 4.56429e-08 3.95344e-08 3.47535e-08 3.09381e-08 
2.05075e-10 6.26226e-09 4.16489e-08 1.49593e-07 3.8782e-07 8.20404e-07 1.50746e-06 2.4948e-06 3.80359e-06 5.42077e-06 7.29357e-06 9.32903e-06 1.13985e-05 1.33489e-05 1.50203e-05 1.62667e-05 1.69814e-05 1.71212e-05 1.67131e-05 1.58381e-05 1.46054e-05 1.31341e-05 1.15386e-05 9.91993e-06 8.35888e-06 6.91451e-06 5.62427e-06 4.50661e-06 3.56469e-06 2.79014e-06 2.16691e-06 1.67468e-06 1.29178e-06 9.97253e-07 7.72334e-07 6.01072e-07 4.70534e-07 3.70672e-07 2.93887e-07 2.34501e-07 1.88317e-07 1.5225e-07 1.2401e-07 1.01862e-07 8.44778e-08 7.0842e-08 6.01642e-08 5.17915e-08 4.51857e-08 3.99154e-08 
1.66987e-10 5.13279e-09 3.44359e-08 1.24684e-07 3.25518e-07 6.9357e-07 1.28489e-06 2.14657e-06 3.30842e-06 4.7745e-06 6.51608e-06 8.46824e-06 1.05309e-05 1.25745e-05 1.44509e-05 1.60105e-05 1.71212e-05 1.7691e-05 1.76896e-05 1.71526e-05 1.61658e-05 1.48411e-05 1.32976e-05 1.16485e-05 9.99221e-06 8.40669e-06 6.9478e-06 5.65007e-06 4.52939e-06 3.58686e-06 2.81268e-06 2.18986e-06 1.69763e-06 1.31414e-06 1.01848e-06 7.92049e-07 6.19117e-07 4.86908e-07 3.85463e-07 3.0722e-07 2.46526e-07 1.9922e-07 1.6222e-07 1.33195e-07 1.10375e-07 9.23984e-08 7.82078e-08 6.69895e-08 5.80901e-08 5.09734e-08 
1.3223e-10 4.09305e-09 2.77249e-08 1.0128e-07 2.66386e-07 5.71716e-07 1.06802e-06 1.80164e-06 2.80718e-06 4.10081e-06 5.67367e-06 7.48638e-06 9.46693e-06 1.15126e-05 1.34957e-05 1.52755e-05 1.67131e-05 1.76896e-05 1.81262e-05 1.8003e-05 1.73621e-05 1.62918e-05 1.4904e-05 1.33163e-05 1.16395e-05 9.96869e-06 8.37841e-06 6.92137e-06 5.62937e-06 4.51615e-06 3.58123e-06 2.81383e-06 2.19641e-06 1.70801e-06 1.32692e-06 1.0325e-06 8.06452e-07 6.33299e-07 5.00488e-07 3.98239e-07 3.19147e-07 2.57653e-07 2.09615e-07 1.71951e-07 1.4232e-07 1.18926e-07 1.0039e-07 8.56573e-08 7.39116e-08 6.45044e-08 
1.07684e-10 3.29995e-09 2.21375e-08 8.05744e-08 2.12608e-07 4.59579e-07 8.66129e-07 1.47569e-06 2.32511e-06 3.4386e-06 4.82191e-06 6.45703e-06 8.29763e-06 1.02679e-05 1.22652e-05 1.41662e-05 1.58381e-05 1.71526e-05 1.8003e-05 1.83222e-05 1.80983e-05 1.73776e-05 1.62491e-05 1.48236e-05 1.32157e-05 1.15328e-05 9.86631e-06 8.28731e-06 6.84541e-06 5.56994e-06 4.47281e-06 3.55234e-06 2.79703e-06 2.18914e-06 1.70786e-06 1.33174e-06 1.04056e-06 8.16381e-07 6.4413e-07 5.11602e-07 4.09281e-07 3.29914e-07 2.6804e-07 2.19572e-07 1.81442e-07 1.51319e-07 1.27423e-07 1.08386e-07 9.31606e-08 8.09304e-08 
8.23725e-11 2.53277e-09 1.70745e-08 6.24448e-08 1.6566e-07 3.60657e-07 6.85824e-07 1.18062e-06 1.88163e-06 2.81784e-06 4.00526e-06 5.44185e-06 7.10302e-06 8.93821e-06 1.08703e-05 1.27987e-05 1.46054e-05 1.61658e-05 1.73621e-05 1.80983e-05 1.83167e-05 1.80121e-05 1.72332e-05 1.60687e-05 1.46266e-05 1.30182e-05 1.13469e-05 9.70008e-06 8.14533e-06 6.72931e-06 5.47909e-06 4.40501e-06 3.50447e-06 2.76559e-06 2.17066e-06 1.69912e-06 1.33e-06 1.04357e-06 8.22478e-07 6.52125e-07 5.20675e-07 4.18886e-07 3.39699e-07 2.77769e-07 2.29089e-07 1.90648e-07 1.60155e-07 1.35856e-07 1.16394e-07 1.00717e-07 
5.93312e-11 1.84811e-09 1.26769e-08 4.70393e-08 1.26061e-07 2.76747e-07 5.31082e-07 9.23933e-07 1.48989e-06 2.2597e-06 3.25585e-06 4.48779e-06 5.94776e-06 7.60684e-06 9.41219e-06 1.12871e-05 1.31341e-05 1.48411e-05 1.62918e-05 1.73776e-05 1.80121e-05 1.81457e-05 1.77783e-05 1.696e-05 1.57779e-05 1.43368e-05 1.27439e-05 1.10983e-05 9.48339e-06 7.9632e-06 6.58154e-06 5.36342e-06 4.31789e-06 3.44163e-06 2.72258e-06 2.14318e-06 1.68337e-06 1.3228e-06 1.04241e-06 8.25441e-07 6.57792e-07 5.28047e-07 4.27263e-07 3.48599e-07 2.86873e-07 2.38184e-07 1.99596e-07 1.68859e-07 1.44233e-07 1.24385e-07 
4.49473e-11 1.38322e-09 9.39756e-09 3.48231e-08 9.39034e-08 2.08059e-07 4.03206e-07 7.08932e-07 1.15664e-06 1.77651e-06 2.59414e-06 3.6268e-06 4.87907e-06 6.33898e-06 7.97488e-06 9.73319e-06 1.15386e-05 1.32976e-05 1.4904e-05 1.62491e-05 1.72332e-05 1.77783e-05 1.78416e-05 1.7427e-05 1.6585e-05 1.54005e-05 1.39746e-05 1.241e-05 1.08014e-05 9.22801e-06 7.75037e-06 6.40962e-06 5.22888e-06 4.21603e-06 3.36725e-06 2.67046e-06 2.10854e-06 1.66203e-06 1.31126e-06 1.03791e-06 8.25854e-07 6.61529e-07 5.33963e-07 4.34557e-07 3.56717e-07 2.95438e-07 2.46931e-07 2.08322e-07 1.77415e-07 1.52519e-07 
3.29217e-11 1.01162e-09 6.87176e-09 2.54803e-08 6.89622e-08 1.53924e-07 3.01188e-07 5.35158e-07 8.82886e-07 1.37238e-06 2.02998e-06 2.8772e-06 3.92708e-06 5.18046e-06 6.62259e-06 8.22025e-06 9.91993e-06 1.16485e-05 1.33163e-05 1.48236e-05 1.60687e-05 1.696e-05 1.7427e-05 1.74329e-05 1.69843e-05 1.61318e-05 1.49573e-05 1.35579e-05 1.20317e-05 1.04687e-05 8.94414e-06 7.51506e-06 6.22003e-06 5.08042e-06 4.10316e-06 3.28412e-06 2.61142e-06 2.06841e-06 1.63634e-06 1.29631e-06 1.03074e-06 8.24172e-07 6.63648e-07 5.38655e-07 4.40953e-07 3.64199e-07 3.03552e-07 2.55347e-07 2.16807e-07 1.85787e-07 
2.26293e-11 7.06314e-10 4.89865e-09 1.8429e-08 5.02707e-08 1.129e-07 2.22606e-07 3.9912e-07 6.65003e-07 1.04495e-06 1.56409e-06 2.24545e-06 3.10709e-06 4.15886e-06 5.39883e-06 6.81018e-06 8.35888e-06 9.99221e-06 1.16395e-05 1.32157e-05 1.46266e-05 1.57779e-05 1.6585e-05 1.69843e-05 1.69438e-05 1.64726e-05 1.56203e-05 1.44659e-05 1.31018e-05 1.16217e-05 1.01109e-05 8.64045e-06 7.26412e-06 6.01806e-06 4.92211e-06 3.98243e-06 3.19471e-06 2.54733e-06 2.02422e-06 1.60737e-06 1.2787e-06 1.02143e-06 8.2081e-07 6.64472e-07 5.42375e-07 4.46617e-07 3.71118e-07 3.1123e-07 2.63415e-07 2.24968e-07 
1.69843e-11 5.20258e-10 3.55992e-09 1.33591e-08 3.66298e-08 8.27411e-08 1.63917e-07 2.95605e-07 4.96364e-07 7.87119e-07 1.19031e-06 1.72852e-06 2.42206e-06 3.28619e-06 4.32806e-06 5.54355e-06 6.91451e-06 8.40669e-06 9.96869e-06 1.15328e-05 1.30182e-05 1.43368e-05 1.54005e-05 1.61318e-05 1.64726e-05 1.63956e-05 1.59112e-05 1.50679e-05 1.39412e-05 1.26193e-05 1.11909e-05 9.73674e-06 8.3239e-06 7.00305e-06 5.80808e-06 4.75742e-06 3.85655e-06 3.10108e-06 2.47974e-06 1.9771e-06 1.57596e-06 1.25909e-06 1.01051e-06 8.16167e-07 6.64282e-07 5.45279e-07 4.51625e-07 3.77494e-07 3.18414e-07 2.70988e-07 
1.25672e-11 3.84575e-10 2.63464e-09 9.86964e-09 2.69958e-08 6.09371e-08 1.20892e-07 2.18688e-07 3.68971e-07 5.8898e-07 8.98042e-07 1.31674e-06 1.8654e-06 2.56187e-06 3.41897e-06 4.44169e-06 5.62427e-06 6.9478e-06 8.37841e-06 9.86631e-06 1.13469e-05 1.27439e-05 1.39746e-05 1.49573e-05 1.56203e-05 1.59112e-05 1.58059e-05 1.53161e-05 1.44887e-05 1.33957e-05 1.21208e-05 1.07478e-05 9.35323e-06 8.00022e-06 6.73647e-06 5.59375e-06 4.58919e-06 3.7277e-06 3.00489e-06 2.40991e-06 1.92804e-06 1.54289e-06 1.23808e-06 9.98401e-07 8.10522e-07 6.63245e-07 5.47455e-07 4.55962e-07 3.8321e-07 3.24939e-07 
9.26103e-12 2.86384e-10 1.98463e-09 7.42991e-09 2.01642e-08 4.52519e-08 8.96628e-08 1.62354e-07 2.74484e-07 4.39817e-07 6.74505e-07 9.96368e-07 1.42412e-06 1.97604e-06 2.66782e-06 3.51024e-06 4.50661e-06 5.65007e-06 6.92137e-06 8.28731e-06 9.70008e-06 1.10983e-05 1.241e-05 1.35579e-05 1.44659e-05 1.50679e-05 1.53161e-05 1.51896e-05 1.47006e-05 1.38944e-05 1.28393e-05 1.16145e-05 1.02995e-05 8.96617e-06 7.6741e-06 6.46812e-06 5.378e-06 4.41968e-06 3.59763e-06 2.90751e-06 2.33893e-06 1.87789e-06 1.5088e-06 1.2161e-06 9.85406e-07 8.04054e-07 6.61412e-07 5.48831e-07 4.59494e-07 3.88122e-07 
7.75607e-12 2.2951e-10 1.5247e-09 5.58411e-09 1.50987e-08 3.38999e-08 6.70744e-08 1.21296e-07 2.05153e-07 3.29304e-07 5.06595e-07 7.51936e-07 1.08171e-06 1.51293e-06 2.06201e-06 2.74289e-06 3.56469e-06 4.52939e-06 5.62937e-06 6.84541e-06 8.14533e-06 9.48339e-06 1.08014e-05 1.20317e-05 1.31018e-05 1.39412e-05 1.44887e-05 1.47006e-05 1.45586e-05 1.40754e-05 1.32942e-05 1.22799e-05 1.11074e-05 9.85157e-06 8.58015e-06 7.34924e-06 6.20094e-06 5.16315e-06 4.25076e-06 3.46781e-06 2.8101e-06 2.2677e-06 1.82729e-06 1.47412e-06 1.19346e-06 9.71665e-07 7.96763e-07 6.58699e-07 5.49298e-07 4.62101e-07 
5.20294e-12 1.57658e-10 1.0917e-09 4.1283e-09 1.1339e-08 2.55686e-08 5.05843e-08 9.14076e-08 1.54556e-07 2.48136e-07 3.82069e-07 5.68291e-07 8.20536e-07 1.15381e-06 1.58368e-06 2.12501e-06 2.79014e-06 3.58686e-06 4.51615e-06 5.56994e-06 6.72931e-06 7.9632e-06 9.22801e-06 1.04687e-05 1.16217e-05 1.26193e-05 1.33957e-05 1.38944e-05 1.40754e-05 1.39226e-05 1.34489e-05 1.26955e-05 1.1724e-05 1.06048e-05 9.40843e-06 8.19878e-06 7.02855e-06 5.93726e-06 4.95109e-06 4.08392e-06 3.33943e-06 2.71354e-06 2.19684e-06 1.77669e-06 1.43913e-06 1.17025e-06 9.57164e-07 7.88586e-07 6.55024e-07 5.48746e-07 
3.46435e-12 1.0985e-10 8.03972e-10 3.12097e-09 8.6051e-09 1.93979e-08 3.8462e-08 6.96186e-08 1.17654e-07 1.88667e-07 2.90263e-07 4.31646e-07 6.23834e-07 8.79545e-07 1.21261e-06 1.63723e-06 2.16691e-06 2.81268e-06 3.58123e-06 4.47281e-06 5.47909e-06 6.58154e-06 7.75037e-06 8.94414e-06 1.01109e-05 1.11909e-05 1.21208e-05 1.28393e-05 1.32942e-05 1.34489e-05 1.32892e-05 1.28279e-05 1.21043e-05 1.11764e-05 1.01107e-05 8.9735e-06 7.82487e-06 6.71432e-06 5.67896e-06 4.74329e-06 3.92028e-06 3.2133e-06 2.61844e-06 2.12674e-06 1.72628e-06 1.40389e-06 1.14647e-06 9.41866e-07 7.79453e-07 6.50266e-07 
3.83947e-12 1.08356e-10 6.91463e-10 2.46272e-09 6.61003e-09 1.49048e-08 2.96366e-08 5.36628e-08 9.05995e-08 1.44992e-07 2.22525e-07 3.30251e-07 4.76764e-07 6.72297e-07 9.28581e-07 1.25836e-06 1.67468e-06 2.18986e-06 2.81383e-06 3.55234e-06 4.40501e-06 5.36342e-06 6.40962e-06 7.51506e-06 8.64045e-06 9.73674e-06 1.07478e-05 1.16145e-05 1.22799e-05 1.26955e-05 1.28279e-05 1.26644e-05 1.22176e-05 1.15249e-05 1.06409e-05 9.62834e-06 8.54944e-06 7.4606e-06 6.40832e-06 5.42739e-06 4.54079e-06 3.76061e-06 3.08996e-06 2.52509e-06 2.05756e-06 1.67614e-06 1.36842e-06 1.12209e-06 9.25691e-07 7.69226e-07 
2.65923e-12 7.69343e-11 5.15668e-10 1.90834e-09 5.20444e-09 1.17403e-08 2.32466e-08 4.19388e-08 7.05951e-08 1.12613e-07 1.72228e-07 2.54794e-07 3.66905e-07 5.1652e-07 7.1313e-07 9.67618e-07 1.29178e-06 1.69763e-06 2.19641e-06 2.79703e-06 3.50447e-06 4.31789e-06 5.22888e-06 6.22003e-06 7.26412e-06 8.3239e-06 9.35323e-06 1.02995e-05 1.11074e-05 1.1724e-05 1.21043e-05 1.22176e-05 1.20527e-05 1.1622e-05 1.09608e-05 1.01205e-05 9.16018e-06 8.13821e-06 7.10752e-06 6.11174e-06 5.18348e-06 4.34423e-06 3.60533e-06 2.96965e-06 2.43365e-06 1.98938e-06 1.62628e-06 1.33268e-06 1.097e-06 9.085e-07 
1.29364e-12 4.45029e-11 3.65796e-10 1.51015e-09 4.2304e-09 9.4734e-09 1.85671e-08 3.32461e-08 5.56096e-08 8.82676e-08 1.34472e-07 1.98218e-07 2.84471e-07 3.99377e-07 5.50369e-07 7.46292e-07 9.97253e-07 1.31414e-06 1.70801e-06 2.18914e-06 2.76559e-06 3.44163e-06 4.21603e-06 5.08042e-06 6.01806e-06 7.00305e-06 8.00022e-06 8.96617e-06 9.85157e-06 1.06048e-05 1.11764e-05 1.15249e-05 1.1622e-05 1.14577e-05 1.1044e-05 1.04144e-05 9.61728e-06 8.70788e-06 7.74114e-06 6.76665e-06 5.82531e-06 4.94769e-06 4.15392e-06 3.45463e-06 2.85248e-06 2.34416e-06 1.92218e-06 1.57663e-06 1.29656e-06 1.07111e-06 
2.18174e-12 6.01706e-11 3.7813e-10 1.32476e-09 3.49436e-09 7.72006e-09 1.5008e-08 2.66075e-08 4.41544e-08 6.97024e-08 1.05739e-07 1.55292e-07 2.22106e-07 3.10856e-07 4.27302e-07 5.78393e-07 7.72334e-07 1.01848e-06 1.32692e-06 1.70786e-06 2.17066e-06 2.72258e-06 3.36725e-06 4.10316e-06 4.92211e-06 5.80808e-06 6.73647e-06 7.6741e-06 8.58015e-06 9.40843e-06 1.01107e-05 1.06409e-05 1.09608e-05 1.1044e-05 1.08818e-05 1.04859e-05 9.88758e-06 9.13253e-06 8.2725e-06 7.359e-06 6.43851e-06 5.54937e-06 4.72023e-06 3.96998e-06 3.30856e-06 2.73846e-06 2.25656e-06 1.85587e-06 1.52709e-06 1.26e-06 
1.96227e-12 5.34221e-11 3.28002e-10 1.11765e-09 2.88133e-09 6.27403e-09 1.20913e-08 2.1309e-08 3.51884e-08 5.52986e-08 8.355e-08 1.22296e-07 1.74419e-07 2.43466e-07 3.33831e-07 4.50881e-07 6.01072e-07 7.92049e-07 1.0325e-06 1.33174e-06 1.69912e-06 2.14318e-06 2.67046e-06 3.28412e-06 3.98243e-06 4.75742e-06 5.59375e-06 6.46812e-06 7.34924e-06 8.19878e-06 8.9735e-06 9.62834e-06 1.01205e-05 1.04144e-05 1.04859e-05 1.0327e-05 9.9489e-06 9.38137e-06 8.66705e-06 7.85453e-06 6.99207e-06 6.12326e-06 5.28399e-06 4.50114e-06 3.79238e-06 3.16703e-06 2.62745e-06 2.17075e-06 1.79039e-06 1.47769e-06 
6.26145e-13 2.27621e-11 1.99248e-10 8.32047e-10 2.28727e-09 4.99092e-09 9.59062e-09 1.69359e-08 2.79807e-08 4.38907e-08 6.61618e-08 9.6638e-08 1.37574e-07 1.91709e-07 2.6236e-07 3.53624e-07 4.70534e-07 6.19117e-07 8.06452e-07 1.04056e-06 1.33e-06 1.68337e-06 2.10854e-06 2.61142e-06 3.19471e-06 3.85655e-06 4.58919e-06 5.378e-06 6.20094e-06 7.02855e-06 7.82487e-06 8.54944e-06 9.16018e-06 9.61728e-06 9.88758e-06 9.9489e-06 9.7941e-06 9.43389e-06 8.8962e-06 8.22109e-06 7.45407e-06 6.64039e-06 5.82085e-06 5.02908e-06 4.29025e-06 3.62094e-06 3.0299e-06 2.51939e-06 2.08672e-06 1.72583e-06 
9.56804e-13 2.60562e-11 1.69868e-10 6.21297e-10 1.69383e-09 3.81003e-09 7.46928e-09 1.32918e-08 2.20566e-08 3.46965e-08 5.23605e-08 7.64987e-08 1.08879e-07 1.5162e-07 2.07288e-07 2.79022e-07 3.70672e-07 4.86908e-07 6.33299e-07 8.16381e-07 1.04357e-06 1.3228e-06 1.66203e-06 2.06841e-06 2.54733e-06 3.10108e-06 3.7277e-06 4.41968e-06 5.16315e-06 5.93726e-06 6.71432e-06 7.4606e-06 8.13821e-06 8.70788e-06 9.13253e-06 9.38137e-06 9.43389e-06 9.28369e-06 8.94101e-06 8.4321e-06 7.79455e-06 7.07097e-06 6.30373e-06 5.53102e-06 4.78436e-06 4.08733e-06 3.4555e-06 2.89711e-06 2.41431e-06 2.00465e-06 
9.74735e-13 2.43773e-11 1.38873e-10 4.59895e-10 1.23029e-09 2.83623e-09 5.69712e-09 1.02752e-08 1.71917e-08 2.72339e-08 4.13283e-08 6.0591e-08 8.63845e-08 1.20372e-07 1.64581e-07 2.21446e-07 2.93887e-07 3.85463e-07 5.00488e-07 6.4413e-07 8.22478e-07 1.04241e-06 1.31126e-06 1.63634e-06 2.02422e-06 2.47974e-06 3.00489e-06 3.59763e-06 4.25076e-06 4.95109e-06 5.67896e-06 6.40832e-06 7.10752e-06 7.74114e-06 8.2725e-06 8.66705e-06 8.8962e-06 8.94101e-06 8.79571e-06 8.4701e-06 7.98883e-06 7.38711e-06 6.70484e-06 5.98168e-06 5.25341e-06 4.54955e-06 3.89222e-06 3.29603e-06 2.76875e-06 2.31244e-06 
5.089e-14 4.23499e-12 6.33769e-11 3.16849e-10 9.36999e-10 2.14051e-09 4.28571e-09 7.83034e-09 1.32754e-08 2.12498e-08 3.2528e-08 4.7985e-08 6.86764e-08 9.5927e-08 1.31329e-07 1.7677e-07 2.34501e-07 3.0722e-07 3.98239e-07 5.11602e-07 6.52125e-07 8.25441e-07 1.03791e-06 1.29631e-06 1.60737e-06 1.9771e-06 2.40991e-06 2.90751e-06 3.46781e-06 4.08392e-06 4.74329e-06 5.42739e-06 6.11174e-06 6.76665e-06 7.359e-06 7.85453e-06 8.22109e-06 8.4321e-06 8.4701e-06 8.32989e-06 8.02076e-06 7.56589e-06 6.99823e-06 6.35517e-06 5.67382e-06 4.9877e-06 4.32448e-06 3.70489e-06 3.14264e-06 2.64503e-06 
3.84654e-13 1.01529e-11 6.97753e-11 2.64575e-10 7.28087e-10 1.63835e-09 3.25235e-09 5.95523e-09 1.02244e-08 1.65725e-08 2.55942e-08 3.80286e-08 5.47513e-08 7.67885e-08 1.05371e-07 1.41966e-07 1.88317e-07 2.46526e-07 3.19147e-07 4.09281e-07 5.20675e-07 6.57792e-07 8.25854e-07 1.03074e-06 1.2787e-06 1.57596e-06 1.92804e-06 2.33893e-06 2.8101e-06 3.33943e-06 3.92028e-06 4.54079e-06 5.18348e-06 5.82531e-06 6.43851e-06 6.99207e-06 7.45407e-06 7.79455e-06 7.98883e-06 8.02076e-06 7.88566e-06 7.59236e-06 7.16262e-06 6.62733e-06 6.02147e-06 5.37981e-06 4.73373e-06 4.10913e-06 3.52543e-06 2.99548e-06 
6.94915e-13 1.62748e-11 8.21959e-11 2.34491e-10 5.66174e-10 1.25625e-09 2.51817e-09 4.62734e-09 7.97321e-09 1.30101e-08 2.02422e-08 3.02879e-08 4.38781e-08 6.18269e-08 8.5076e-08 1.14758e-07 1.5225e-07 1.9922e-07 2.57653e-07 3.29914e-07 4.18886e-07 5.28047e-07 6.61529e-07 8.24172e-07 1.02143e-06 1.25909e-06 1.54289e-06 1.87789e-06 2.2677e-06 2.71354e-06 3.2133e-06 3.76061e-06 4.34423e-06 4.94769e-06 5.54937e-06 6.12326e-06 6.64039e-06 7.07097e-06 7.38711e-06 7.56589e-06 7.59236e-06 7.46234e-06 7.18422e-06 6.77843e-06 6.27391e-06 5.70341e-06 5.09946e-06 4.49141e-06 3.9035e-06 3.3539e-06 
2.23991e-14 1.79004e-12 3.04959e-11 1.51249e-10 4.36697e-10 9.92233e-10 2.01105e-09 3.72438e-09 6.3921e-09 1.03973e-08 1.62302e-08 2.44062e-08 3.54999e-08 5.01794e-08 6.91943e-08 9.34372e-08 1.2401e-07 1.6222e-07 2.09615e-07 2.6804e-07 3.39699e-07 4.27263e-07 5.33963e-07 6.63648e-07 8.2081e-07 1.01051e-06 1.23808e-06 1.5088e-06 1.82729e-06 2.19684e-06 2.61844e-06 3.08996e-06 3.60533e-06 4.15392e-06 4.72023e-06 5.28399e-06 5.82085e-06 6.30373e-06 6.70484e-06 6.99823e-06 7.16262e-06 7.18422e-06 7.05927e-06 6.79575e-06 6.41284e-06 5.93763e-06 5.40074e-06 4.83259e-06 4.26063e-06 3.70751e-06 
5.316e-14 1.19668e-12 1.75749e-11 1.0021e-10 3.37919e-10 8.30495e-10 1.69444e-09 3.10237e-09 5.29382e-09 8.57558e-09 1.33387e-08 2.00349e-08 2.91366e-08 4.11738e-08 5.67893e-08 7.67329e-08 1.01862e-07 1.33195e-07 1.71951e-07 2.19572e-07 2.77769e-07 3.48599e-07 4.34557e-07 5.38655e-07 6.64472e-07 8.16167e-07 9.98401e-07 1.2161e-06 1.47412e-06 1.77669e-06 2.12674e-06 2.52509e-06 2.96965e-06 3.45463e-06 3.96998e-06 4.50114e-06 5.02908e-06 5.53102e-06 5.98168e-06 6.35517e-06 6.62733e-06 6.77843e-06 6.79575e-06 6.67591e-06 6.42649e-06 6.06546e-06 5.61814e-06 5.11318e-06 4.57897e-06 4.04115e-06 
3.48743e-13 7.53252e-12 3.79735e-11 1.17008e-10 3.15939e-10 7.40464e-10 1.48483e-09 2.68153e-09 4.54862e-09 7.3368e-09 1.13207e-08 1.68514e-08 2.43451e-08 3.42686e-08 4.71706e-08 6.36767e-08 8.44778e-08 1.10375e-07 1.4232e-07 1.81442e-07 2.29089e-07 2.86873e-07 3.56717e-07 4.40953e-07 5.42375e-07 6.64282e-07 8.10522e-07 9.85406e-07 1.19346e-06 1.43913e-06 1.72628e-06 2.05756e-06 2.43365e-06 2.85248e-06 3.30856e-06 3.79238e-06 4.29025e-06 4.78436e-06 5.25341e-06 5.67382e-06 6.02147e-06 6.27391e-06 6.41284e-06 6.42649e-06 6.31184e-06 6.07602e-06 5.73588e-06 5.31507e-06 4.84031e-06 4.33812e-06 
1.37268e-13 4.1711e-12 3.55711e-11 1.35787e-10 3.36329e-10 6.92918e-10 1.33445e-09 2.41242e-09 4.06998e-09 6.49095e-09 9.89593e-09 1.45369e-08 2.07649e-08 2.90228e-08 3.97722e-08 5.35165e-08 7.0842e-08 9.23984e-08 1.18926e-07 1.51319e-07 1.90648e-07 2.38184e-07 2.95438e-07 3.64199e-07 4.46617e-07 5.45279e-07 6.63245e-07 8.04054e-07 9.71665e-07 1.17025e-06 1.40389e-06 1.67614e-06 1.98938e-06 2.34416e-06 2.73846e-06 3.16703e-06 3.62094e-06 4.08733e-06 4.54955e-06 4.9877e-06 5.37981e-06 5.70341e-06 5.93763e-06 6.06546e-06 6.07602e-06 5.96658e-06 5.74384e-06 5.42354e-06 5.02776e-06 4.58142e-06 
2.42539e-13 5.82211e-12 3.65052e-11 1.23643e-10 3.08862e-10 6.54831e-10 1.26012e-09 2.2516e-09 3.75415e-09 5.89196e-09 8.83191e-09 1.28057e-08 1.81019e-08 2.50674e-08 3.41027e-08 4.56429e-08 6.01642e-08 7.82078e-08 1.0039e-07 1.27423e-07 1.60155e-07 1.99596e-07 2.46931e-07 3.03552e-07 3.71118e-07 4.51625e-07 5.47455e-07 6.61412e-07 7.96763e-07 9.57164e-07 1.14647e-06 1.36842e-06 1.62628e-06 1.92218e-06 2.25656e-06 2.62745e-06 3.0299e-06 3.4555e-06 3.89222e-06 4.32448e-06 4.73373e-06 5.09946e-06 5.40074e-06 5.61814e-06 5.73588e-06 5.74384e-06 5.63952e-06 5.42922e-06 5.1276e-06 4.75527e-06 
2.47901e-13 5.05469e-12 2.68692e-11 9.08891e-11 2.61661e-10 6.22038e-10 1.23079e-09 2.15723e-09 3.50998e-09 5.40652e-09 7.99231e-09 1.14739e-08 1.60821e-08 2.20697e-08 2.97609e-08 3.95344e-08 5.17915e-08 6.69895e-08 8.56573e-08 1.08386e-07 1.35856e-07 1.68859e-07 2.08322e-07 2.55347e-07 3.1123e-07 3.77494e-07 4.55962e-07 5.48831e-07 6.58699e-07 7.88586e-07 9.41866e-07 1.12209e-06 1.33268e-06 1.57663e-06 1.85587e-06 2.17075e-06 2.51939e-06 2.89711e-06 3.29603e-06 3.70489e-06 4.10913e-06 4.49141e-06 4.83259e-06 5.11318e-06 5.31507e-06 5.42354e-06 5.42922e-06 5.32977e-06 5.13111e-06 4.8469e-06 
-3.67167e-14 -6.24582e-13 1.13062e-11 8.0907e-11 2.62815e-10 6.11304e-10 1.19127e-09 2.05745e-09 3.27392e-09 4.96893e-09 7.30254e-09 1.04204e-08 1.44939e-08 1.97382e-08 2.6393e-08 3.47535e-08 4.51857e-08 5.80901e-08 7.39116e-08 9.31606e-08 1.16394e-07 1.44233e-07 1.77415e-07 2.16807e-07 2.63415e-07 3.18414e-07 3.8321e-07 4.59494e-07 5.49298e-07 6.55024e-07 7.79453e-07 9.25691e-07 1.097e-06 1.29656e-06 1.52709e-06 1.79039e-06 2.08672e-06 2.41431e-06 2.76875e-06 3.14264e-06 3.52543e-06 3.9035e-06 4.26063e-06 4.57897e-06 4.84031e-06 5.02776e-06 5.1276e-06 5.13111e-06 5.03613e-06 4.84819e-06 
2.32161e-13 5.29592e-12 3.34352e-11 1.14816e-10 2.89819e-10 6.07245e-10 1.12128e-09 1.8956e-09 3.01315e-09 4.57939e-09 6.71385e-09 9.54141e-09 1.31989e-08 1.78483e-08 2.36825e-08 3.09381e-08 3.99154e-08 5.09734e-08 6.45044e-08 8.09304e-08 1.00717e-07 1.24385e-07 1.52519e-07 1.85787e-07 2.24968e-07 2.70988e-07 3.24939e-07 3.88122e-07 4.62101e-07 5.48746e-07 6.50266e-07 7.69226e-07 9.085e-07 1.07111e-06 1.26e-06 1.47769e-06 1.72583e-06 2.00465e-06 2.31244e-06 2.64503e-06 2.99548e-06 3.3539e-06 3.70751e-06 4.04115e-06 4.33812e-06 4.58142e-06 4.75527e-06 4.8469e-06 4.84819e-06 4.75718e-06 
}
double dx 2
bool fixed_width_bins true
int l 4
int m 0
int ndata 50
string particle1 pi+
string particle2 pi+
bool realpart true
bool spherical_harmonic true
double xoffset 1
vector_double y_datablock {
8.06913e-07
2.1125e-05
0.000109702
0.000298594
0.000621476
0.00114826
0.0019129
0.00285261
0.00387333
0.00492571
0.00598928
0.00702221
0.00794157
0.00864021
0.00902796
0.00906542
0.00876802
0.00819242
0.00741645
0.00651754
0.00556341
0.00461312
0.00371413
0.00289864
0.00218643
0.00158767
0.00110299
0.000725028
0.000441906
0.000239567
0.000101988
1.17666e-05
-4.64346e-05
-8.32239e-05
-0.000105885
-0.000119781
-0.000127934
-0.000131801
-0.000132232
-0.000129412
-0.000123905
-0.000117474
-0.000111645
-0.000106601
-0.000101512
-9.51219e-05
-8.68832e-05
-7.74658e-05
-6.74539e-05
-5.68113e-05
}