
bool bigQ false
matrix_double covmtx_datablock {
6.10927e-12 1.41803e-10 5.59846e-10 8.80854e-10 7.01747e-10 3.61273e-10 2.97446e-10 3.57552e-10 2.96544e-10 1.89169e-10 1.27916e-10 8.81699e-11 6.64905e-11 6.33199e-11 5.71741e-11 5.09068e-11 4.62613e-11 3.50581e-11 2.84224e-11 2.90464e-11 2.42109e-11 1.84549e-11 1.73589e-11 1.37989e-11 9.92256e-12 9.58553e-12 7.8144e-12 5.74789e-12 5.61408e-12 3.71961e-12 2.2241e-12 3.20241e-12 2.17453e-12 6.21708e-13 1.74398e-12 1.56644e-12 -6.99624e-14 3.61026e-13 7.32217e-13 -1.74021e-14 3.13604e-13 5.97296e-13 1.98108e-13 4.09458e-13 1.59489e-13 -3.68918e-13 3.29051e-13 5.07518e-13 -3.3819e-13 -4.71204e-14 
1.41803e-10 3.31754e-09 1.33265e-08 2.17301e-08 1.87092e-08 1.11131e-08 9.1878e-09 1.02718e-08 8.72455e-09 5.83449e-09 3.91959e-09 2.72778e-09 2.08954e-09 1.92343e-09 1.75113e-09 1.56873e-09 1.39392e-09 1.08978e-09 8.98944e-10 8.7255e-10 7.39879e-10 5.8362e-10 5.23454e-10 4.21406e-10 3.16686e-10 2.87945e-10 2.37613e-10 1.82699e-10 1.64557e-10 1.13727e-10 7.60455e-11 8.98891e-11 6.31998e-11 2.75266e-11 4.7921e-11 4.15882e-11 4.09427e-12 9.78775e-12 1.74115e-11 2.54526e-12 8.65683e-12 1.50892e-11 7.75362e-12 1.02167e-11 2.8738e-12 -7.63985e-12 7.72507e-12 1.10802e-11 -7.19732e-12 -1.12654e-12 
5.59846e-10 1.33265e-08 5.55532e-08 9.74312e-08 9.66626e-08 7.11513e-08 6.071e-08 6.19706e-08 5.40186e-08 3.86836e-08 2.62577e-08 1.85071e-08 1.43966e-08 1.27622e-08 1.16592e-08 1.04954e-08 9.13767e-09 7.43055e-09 6.25073e-09 5.721e-09 4.93733e-09 4.05397e-09 3.46486e-09 2.82878e-09 2.23461e-09 1.91112e-09 1.59464e-09 1.2834e-09 1.06496e-09 7.81456e-10 5.83801e-10 5.53288e-10 4.1211e-10 2.61888e-10 2.89618e-10 2.37517e-10 8.45236e-11 6.89404e-11 8.69327e-11 4.56039e-11 5.96086e-11 8.37052e-11 6.652e-11 5.58307e-11 1.35226e-11 -1.65284e-11 3.75057e-11 4.50633e-11 -1.66713e-11 2.68302e-12 
8.80854e-10 2.17301e-08 9.74312e-08 1.94552e-07 2.37988e-07 2.24248e-07 2.05994e-07 1.97368e-07 1.74703e-07 1.34315e-07 9.48949e-08 6.81224e-08 5.33695e-08 4.60798e-08 4.17664e-08 3.75654e-08 3.25407e-08 2.73398e-08 2.33113e-08 2.05051e-08 1.78222e-08 1.50418e-08 1.25555e-08 1.03327e-08 8.42232e-09 6.97899e-09 5.82461e-09 4.78523e-09 3.81816e-09 2.9368e-09 2.31085e-09 1.91015e-09 1.49275e-09 1.14578e-09 9.81571e-10 7.59551e-10 4.47977e-10 2.87997e-10 2.56149e-10 2.25294e-10 2.31917e-10 2.66076e-10 2.52302e-10 1.70329e-10 5.86999e-11 2.85418e-11 9.24514e-11 9.08445e-11 2.18576e-11 4.21706e-11 
7.01747e-10 1.87092e-08 9.66626e-08 2.37988e-07 3.77695e-07 4.53518e-07 4.66106e-07 4.45024e-07 3.98051e-07 3.24604e-07 2.43964e-07 1.80825e-07 1.42134e-07 1.20822e-07 1.07825e-07 9.64528e-08 8.42215e-08 7.23067e-08 6.21304e-08 5.38118e-08 4.66491e-08 3.98134e-08 3.32503e-08 2.74864e-08 2.26637e-08 1.86909e-08 1.54937e-08 1.27213e-08 1.01572e-08 8.01076e-09 6.35008e-09 5.0302e-09 4.01711e-09 3.23465e-09 2.54171e-09 1.90859e-09 1.33807e-09 8.88223e-10 6.75529e-10 6.43704e-10 6.50831e-10 6.63665e-10 6.07634e-10 4.15932e-10 2.30999e-10 1.78389e-10 1.81808e-10 1.67043e-10 1.52124e-10 1.5801e-10 
3.61273e-10 1.11131e-08 7.11513e-08 2.24248e-07 4.53518e-07 6.67621e-07 7.82897e-07 7.9072e-07 7.27085e-07 6.21694e-07 4.98654e-07 3.87503e-07 3.08185e-07 2.59251e-07 2.27731e-07 2.02497e-07 1.78559e-07 1.55508e-07 1.34529e-07 1.16281e-07 1.00364e-07 8.58504e-08 7.23108e-08 6.01387e-08 4.97757e-08 4.11595e-08 3.39328e-08 2.77385e-08 2.23862e-08 1.78536e-08 1.41323e-08 1.11955e-08 8.95541e-09 7.15569e-09 5.56422e-09 4.17499e-09 3.03862e-09 2.17038e-09 1.64161e-09 1.45914e-09 1.44516e-09 1.3858e-09 1.18759e-09 8.99711e-10 6.39316e-10 4.64697e-10 3.6908e-10 3.50825e-10 3.74421e-10 3.63051e-10 
2.97446e-10 9.1878e-09 6.071e-08 2.05994e-07 4.66106e-07 7.82897e-07 1.03981e-06 1.15289e-06 1.12584e-06 1.01238e-06 8.60866e-07 7.06298e-07 5.76786e-07 4.83968e-07 4.20186e-07 3.71832e-07 3.297e-07 2.901e-07 2.52981e-07 2.19256e-07 1.89025e-07 1.61823e-07 1.37172e-07 1.14965e-07 9.55794e-08 7.91233e-08 6.51425e-08 5.32528e-08 4.32e-08 3.46751e-08 2.75935e-08 2.19521e-08 1.74741e-08 1.38169e-08 1.07569e-08 8.15596e-09 6.04184e-09 4.49866e-09 3.49899e-09 2.97271e-09 2.74534e-09 2.5128e-09 2.14663e-09 1.73711e-09 1.33554e-09 9.81114e-10 7.71089e-10 7.12098e-10 7.03958e-10 6.50068e-10 
3.57552e-10 1.02718e-08 6.19706e-08 1.97368e-07 4.45024e-07 7.9072e-07 1.15289e-06 1.4149e-06 1.50784e-06 1.45037e-06 1.30615e-06 1.12998e-06 9.57743e-07 8.12903e-07 7.02936e-07 6.19607e-07 5.50508e-07 4.87843e-07 4.28855e-07 3.73588e-07 3.22872e-07 2.77013e-07 2.35796e-07 1.98952e-07 1.66337e-07 1.37962e-07 1.1373e-07 9.31782e-08 7.57617e-08 6.11296e-08 4.90045e-08 3.90716e-08 3.09969e-08 2.44169e-08 1.9004e-08 1.45591e-08 1.1016e-08 8.38696e-09 6.62418e-09 5.51236e-09 4.77435e-09 4.20219e-09 3.64494e-09 3.02648e-09 2.39666e-09 1.86576e-09 1.50586e-09 1.30946e-09 1.18769e-09 1.04075e-09 
2.96544e-10 8.72455e-09 5.40186e-08 1.74703e-07 3.98051e-07 7.27085e-07 1.12584e-06 1.50784e-06 1.76757e-06 1.85008e-06 1.78093e-06 1.6245e-06 1.43529e-06 1.24905e-06 1.08796e-06 9.58079e-07 8.51688e-07 7.58132e-07 6.70996e-07 5.88445e-07 5.11168e-07 4.403e-07 3.76339e-07 3.19128e-07 2.68242e-07 2.23466e-07 1.84745e-07 1.51715e-07 1.23756e-07 1.0031e-07 8.07954e-08 6.46034e-08 5.12594e-08 4.03447e-08 3.14558e-08 2.43078e-08 1.87078e-08 1.44955e-08 1.14875e-08 9.38562e-09 7.87343e-09 6.74259e-09 5.79965e-09 4.87728e-09 3.98687e-09 3.23581e-09 2.65809e-09 2.22624e-09 1.89332e-09 1.60781e-09 
1.89169e-10 5.83449e-09 3.86836e-08 1.34315e-07 3.24604e-07 6.21694e-07 1.01238e-06 1.45037e-06 1.85008e-06 2.11565e-06 2.20025e-06 2.13049e-06 1.96934e-06 1.77131e-06 1.57213e-06 1.39315e-06 1.24033e-06 1.10724e-06 9.8533e-07 8.70103e-07 7.60951e-07 6.59197e-07 5.66168e-07 4.82283e-07 4.07411e-07 3.41216e-07 2.8332e-07 2.33457e-07 1.91159e-07 1.5555e-07 1.2571e-07 1.00845e-07 8.0219e-08 6.32538e-08 4.95075e-08 3.85557e-08 3.00199e-08 2.35235e-08 1.86488e-08 1.50505e-08 1.24282e-08 1.04413e-08 8.82849e-09 7.46218e-09 6.26143e-09 5.20157e-09 4.30229e-09 3.55079e-09 2.93347e-09 2.45747e-09 
1.27916e-10 3.91959e-09 2.62577e-08 9.48949e-08 2.43964e-07 4.98654e-07 8.60866e-07 1.30615e-06 1.78093e-06 2.20025e-06 2.47519e-06 2.56542e-06 2.49868e-06 2.33574e-06 2.12986e-06 1.91656e-06 1.71691e-06 1.5376e-06 1.37447e-06 1.2215e-06 1.07609e-06 9.38685e-07 8.10953e-07 6.94385e-07 5.89576e-07 4.96364e-07 4.14341e-07 3.4309e-07 2.82053e-07 2.30336e-07 1.86801e-07 1.50348e-07 1.20031e-07 9.5057e-08 7.47863e-08 5.86495e-08 4.60226e-08 3.62538e-08 2.8774e-08 2.31189e-08 1.88665e-08 1.56206e-08 1.30752e-08 1.10359e-08 9.34652e-09 7.86676e-09 6.53854e-09 5.38648e-09 4.44151e-09 3.70699e-09 
8.81699e-11 2.72778e-09 1.85071e-08 6.81224e-08 1.80825e-07 3.87503e-07 7.06298e-07 1.12998e-06 1.6245e-06 2.13049e-06 2.56542e-06 2.8483e-06 2.94418e-06 2.88042e-06 2.71498e-06 2.49942e-06 2.26904e-06 2.04553e-06 1.83712e-06 1.64212e-06 1.45689e-06 1.28036e-06 1.11389e-06 9.5969e-07 8.19381e-07 6.93599e-07 5.82265e-07 4.84811e-07 4.00453e-07 3.28313e-07 2.67244e-07 2.15914e-07 1.73123e-07 1.37837e-07 1.09118e-07 8.61012e-08 6.79072e-08 5.36804e-08 4.26786e-08 3.42234e-08 2.77203e-08 2.27344e-08 1.8905e-08 1.58909e-08 1.34325e-08 1.134e-08 9.49071e-09 7.87553e-09 6.53429e-09 5.46888e-09 
6.64905e-11 2.08954e-09 1.43966e-08 5.33695e-08 1.42134e-07 3.08185e-07 5.76786e-07 9.57743e-07 1.43529e-06 1.96934e-06 2.49868e-06 2.94418e-06 3.23152e-06 3.32999e-06 3.26601e-06 3.09464e-06 2.86607e-06 2.61577e-06 2.36634e-06 2.12763e-06 1.90015e-06 1.6824e-06 1.47491e-06 1.27985e-06 1.09979e-06 9.36584e-07 7.90839e-07 6.62229e-07 5.49966e-07 4.53035e-07 3.70313e-07 3.00495e-07 2.42135e-07 1.93871e-07 1.54427e-07 1.22539e-07 9.70677e-08 7.69892e-08 6.12984e-08 4.90882e-08 3.96326e-08 3.2343e-08 2.67226e-08 2.23283e-08 1.87776e-08 1.58177e-08 1.33077e-08 1.11557e-08 9.33362e-09 7.84303e-09 
6.33199e-11 1.92343e-09 1.27622e-08 4.60798e-08 1.20822e-07 2.59251e-07 4.83968e-07 8.12903e-07 1.24905e-06 1.77131e-06 2.33574e-06 2.88042e-06 3.32999e-06 3.6161e-06 3.71171e-06 3.64258e-06 3.46133e-06 3.2169e-06 2.94486e-06 2.66848e-06 2.39919e-06 2.13973e-06 1.89053e-06 1.65341e-06 1.43135e-06 1.22719e-06 1.04267e-06 8.78296e-07 7.33599e-07 6.07626e-07 4.99222e-07 4.0711e-07 3.29791e-07 2.65567e-07 2.12736e-07 1.69722e-07 1.35083e-07 1.07487e-07 8.57005e-08 6.86303e-08 5.53442e-08 4.50344e-08 3.70112e-08 3.0712e-08 2.56837e-08 2.15856e-08 1.8194e-08 1.53563e-08 1.29564e-08 1.09194e-08 
5.71741e-11 1.75113e-09 1.16592e-08 4.17664e-08 1.07825e-07 2.27731e-07 4.20186e-07 7.02936e-07 1.08796e-06 1.57213e-06 2.12986e-06 2.71498e-06 3.26601e-06 3.71171e-06 3.98976e-06 4.07672e-06 3.99785e-06 3.80345e-06 3.54104e-06 3.24611e-06 2.94281e-06 2.64397e-06 2.35422e-06 2.07578e-06 1.81154e-06 1.56487e-06 1.33874e-06 1.13487e-06 9.53686e-07 7.94665e-07 6.56765e-07 5.38662e-07 4.38802e-07 3.55322e-07 2.86212e-07 2.29567e-07 1.83591e-07 1.46604e-07 1.17142e-07 9.39069e-08 7.5698e-08 6.14613e-08 5.03053e-08 4.1511e-08 3.45378e-08 2.89532e-08 2.4407e-08 2.06529e-08 1.74976e-08 1.47869e-08 
5.09068e-11 1.56873e-09 1.04954e-08 3.75654e-08 9.64528e-08 2.02497e-07 3.71832e-07 6.19607e-07 9.58079e-07 1.39315e-06 1.91656e-06 2.49942e-06 3.09464e-06 3.64258e-06 4.07672e-06 4.34054e-06 4.41388e-06 4.32137e-06 4.11117e-06 3.82954e-06 3.51185e-06 3.18281e-06 2.85659e-06 2.53942e-06 2.23475e-06 1.94627e-06 1.67775e-06 1.43226e-06 1.21156e-06 1.01606e-06 8.45153e-07 6.97577e-07 5.71667e-07 4.65532e-07 3.77079e-07 3.04062e-07 2.44316e-07 1.9589e-07 1.57011e-07 1.26077e-07 1.01639e-07 8.23908e-08 6.723e-08 5.52721e-08 4.5808e-08 3.82777e-08 3.22231e-08 2.72569e-08 2.30958e-08 1.95567e-08 
4.62613e-11 1.39392e-09 9.13767e-09 3.25407e-08 8.42215e-08 1.78559e-07 3.297e-07 5.50508e-07 8.51688e-07 1.24033e-06 1.71691e-06 2.26904e-06 2.86607e-06 3.46133e-06 3.99785e-06 4.41388e-06 4.6582e-06 4.71371e-06 4.60465e-06 4.37719e-06 4.07627e-06 3.73708e-06 3.38468e-06 3.03409e-06 2.69274e-06 2.36519e-06 2.0558e-06 1.76871e-06 1.5071e-06 1.27274e-06 1.06587e-06 8.85628e-07 7.30453e-07 5.98459e-07 4.87494e-07 3.95183e-07 3.19108e-07 2.56996e-07 2.06737e-07 1.66391e-07 1.34224e-07 1.08714e-07 8.85444e-08 7.2611e-08 6.00045e-08 4.99849e-08 4.19492e-08 3.5401e-08 2.9965e-08 2.53932e-08 
3.50581e-11 1.08978e-09 7.43055e-09 2.73398e-08 7.23067e-08 1.55508e-07 2.901e-07 4.87843e-07 7.58132e-07 1.10724e-06 1.5376e-06 2.04553e-06 2.61577e-06 3.2169e-06 3.80345e-06 4.32137e-06 4.71371e-06 4.93442e-06 4.96923e-06 4.84197e-06 4.59706e-06 4.27803e-06 3.91947e-06 3.54654e-06 3.17491e-06 2.81304e-06 2.46642e-06 2.14002e-06 1.83821e-06 1.56415e-06 1.31938e-06 1.1039e-06 9.16666e-07 7.55896e-07 6.19423e-07 5.04901e-07 4.09822e-07 3.31606e-07 2.67799e-07 2.16147e-07 1.74621e-07 1.41455e-07 1.1511e-07 9.42356e-08 7.76927e-08 6.45267e-08 5.39573e-08 4.53879e-08 3.83571e-08 3.25195e-08 
2.84224e-11 8.98944e-10 6.25073e-09 2.33113e-08 6.21304e-08 1.34529e-07 2.52981e-07 4.28855e-07 6.70996e-07 9.8533e-07 1.37447e-06 1.83712e-06 2.36634e-06 2.94486e-06 3.54104e-06 4.11117e-06 4.60465e-06 4.96923e-06 5.16364e-06 5.17628e-06 5.0306e-06 4.76902e-06 4.4336e-06 4.05823e-06 3.66801e-06 3.27916e-06 2.90096e-06 2.53964e-06 2.20049e-06 1.88787e-06 1.60477e-06 1.35258e-06 1.1311e-06 9.39042e-07 7.74448e-07 6.35021e-07 5.18228e-07 4.2137e-07 3.41716e-07 2.76715e-07 2.24072e-07 1.8173e-07 1.47881e-07 1.20939e-07 9.95075e-08 8.24057e-08 6.86849e-08 5.75985e-08 4.85787e-08 4.12011e-08 
2.90464e-11 8.7255e-10 5.721e-09 2.05051e-08 5.38118e-08 1.16281e-07 2.19256e-07 3.73588e-07 5.88445e-07 8.70103e-07 1.2215e-06 1.64212e-06 2.12763e-06 2.66848e-06 3.24611e-06 3.82954e-06 4.37719e-06 4.84197e-06 5.17628e-06 5.34325e-06 5.33344e-06 5.16979e-06 4.89293e-06 4.54337e-06 4.15429e-06 3.75063e-06 3.34889e-06 2.9589e-06 2.58723e-06 2.2393e-06 1.91945e-06 1.63052e-06 1.37365e-06 1.14848e-06 9.53606e-07 7.8691e-07 6.45893e-07 5.27858e-07 4.29992e-07 3.49523e-07 2.8387e-07 2.3069e-07 1.87882e-07 1.53582e-07 1.26161e-07 1.04227e-07 8.66346e-08 7.24666e-08 6.1017e-08 5.1741e-08 
2.42109e-11 7.39879e-10 4.93733e-09 1.78222e-08 4.66491e-08 1.00364e-07 1.89025e-07 3.22872e-07 5.11168e-07 7.60951e-07 1.07609e-06 1.45689e-06 1.90015e-06 2.39919e-06 2.94281e-06 3.51185e-06 4.07627e-06 4.59706e-06 5.0306e-06 5.33344e-06 5.47267e-06 5.44087e-06 5.26046e-06 4.97036e-06 4.60963e-06 4.21056e-06 3.79767e-06 3.38741e-06 2.98983e-06 2.61179e-06 2.25876e-06 1.93493e-06 1.643e-06 1.38395e-06 1.15728e-06 9.61377e-07 7.93977e-07 6.52464e-07 5.34077e-07 4.3597e-07 3.55325e-07 2.89517e-07 2.36155e-07 1.9309e-07 1.58466e-07 1.30687e-07 1.08396e-07 9.04939e-08 7.60948e-08 6.44759e-08 
1.84549e-11 5.8362e-10 4.05397e-09 1.50418e-08 3.98134e-08 8.58504e-08 1.61823e-07 2.77013e-07 4.403e-07 6.59197e-07 9.38685e-07 1.28036e-06 1.6824e-06 2.13973e-06 2.64397e-06 3.18281e-06 3.73708e-06 4.27803e-06 4.76902e-06 5.16979e-06 5.44087e-06 5.55295e-06 5.50046e-06 5.30535e-06 5.00486e-06 4.63642e-06 4.23119e-06 3.81301e-06 3.39821e-06 2.99693e-06 2.61611e-06 2.26121e-06 1.93635e-06 1.64401e-06 1.385e-06 1.15861e-06 9.63129e-07 7.96226e-07 6.55245e-07 5.37369e-07 4.39704e-07 3.59388e-07 2.93761e-07 2.40438e-07 1.97312e-07 1.62564e-07 1.34648e-07 1.12248e-07 9.42577e-08 7.97673e-08 
1.73589e-11 5.23454e-10 3.46486e-09 1.25555e-08 3.32503e-08 7.23108e-08 1.37172e-07 2.35796e-07 3.76339e-07 5.66168e-07 8.10953e-07 1.11389e-06 1.47491e-06 1.89053e-06 2.35422e-06 2.85659e-06 3.38468e-06 3.91947e-06 4.4336e-06 4.89293e-06 5.26046e-06 5.50046e-06 5.58699e-06 5.51606e-06 5.30899e-06 5.00119e-06 4.62835e-06 4.22046e-06 3.80066e-06 3.3849e-06 2.98333e-06 2.60295e-06 2.24913e-06 1.9258e-06 1.63522e-06 1.37803e-06 1.15344e-06 9.59691e-07 7.94397e-07 6.54845e-07 5.38166e-07 4.41429e-07 3.61789e-07 2.96633e-07 2.43625e-07 2.00718e-07 1.66137e-07 1.38341e-07 1.16002e-07 9.8006e-08 
1.37989e-11 4.21406e-10 2.82878e-09 1.03327e-08 2.74864e-08 6.01387e-08 1.14965e-07 1.98952e-07 3.19128e-07 4.82283e-07 6.94385e-07 9.5969e-07 1.27985e-06 1.65341e-06 2.07578e-06 2.53942e-06 3.03409e-06 3.54654e-06 4.05823e-06 4.54337e-06 4.97036e-06 5.30535e-06 5.51606e-06 5.57944e-06 5.49271e-06 5.27642e-06 4.96421e-06 4.5901e-06 4.18277e-06 3.76455e-06 3.35104e-06 2.95226e-06 2.5751e-06 2.2248e-06 1.90507e-06 1.61805e-06 1.36426e-06 1.14284e-06 9.51952e-07 7.89152e-07 6.51687e-07 5.36695e-07 4.41294e-07 3.62699e-07 2.98368e-07 2.46025e-07 2.03638e-07 1.69432e-07 1.41871e-07 1.19628e-07 
9.92256e-12 3.16686e-10 2.23461e-09 8.42232e-09 2.26637e-08 4.97757e-08 9.55794e-08 1.66337e-07 2.68242e-07 4.07411e-07 5.89576e-07 8.19381e-07 1.09979e-06 1.43135e-06 1.81154e-06 2.23475e-06 2.69274e-06 3.17491e-06 3.66801e-06 4.15429e-06 4.60963e-06 5.00486e-06 5.30899e-06 5.49271e-06 5.53547e-06 5.43555e-06 5.21273e-06 4.89884e-06 4.52623e-06 4.12233e-06 3.70859e-06 3.30009e-06 2.90663e-06 2.53495e-06 2.19017e-06 1.87586e-06 1.59398e-06 1.34495e-06 1.12778e-06 9.40584e-07 7.80923e-07 6.46082e-07 5.33253e-07 4.3963e-07 3.62501e-07 2.99355e-07 2.4793e-07 2.06216e-07 1.72452e-07 1.45126e-07 
9.58553e-12 2.87945e-10 1.91112e-09 6.97899e-09 1.86909e-08 4.11595e-08 7.91233e-08 1.37962e-07 2.23466e-07 3.41216e-07 4.96364e-07 6.93599e-07 9.36584e-07 1.22719e-06 1.56487e-06 1.94627e-06 2.36519e-06 2.81304e-06 3.27916e-06 3.75063e-06 4.21056e-06 4.63642e-06 5.00119e-06 5.27642e-06 5.43555e-06 5.4603e-06 5.34973e-06 5.12282e-06 4.80976e-06 4.44119e-06 4.04321e-06 3.63633e-06 3.23507e-06 2.84899e-06 2.48474e-06 2.14722e-06 1.83983e-06 1.56436e-06 1.32106e-06 1.10894e-06 9.26112e-07 7.70178e-07 6.38498e-07 5.28332e-07 4.36911e-07 3.61555e-07 2.9979e-07 2.49386e-07 2.08373e-07 1.75051e-07 
7.8144e-12 2.37613e-10 1.59464e-09 5.82461e-09 1.54937e-08 3.39328e-08 6.51425e-08 1.1373e-07 1.84745e-07 2.8332e-07 4.14341e-07 5.82265e-07 7.90839e-07 1.04267e-06 1.33874e-06 1.67775e-06 2.0558e-06 2.46642e-06 2.90096e-06 3.34889e-06 3.79767e-06 4.23119e-06 4.62835e-06 4.96421e-06 5.21273e-06 5.34973e-06 5.35893e-06 5.24014e-06 5.01148e-06 4.70145e-06 4.339e-06 3.94893e-06 3.55084e-06 3.15871e-06 2.78182e-06 2.42658e-06 2.09769e-06 1.79834e-06 1.53018e-06 1.29341e-06 1.08702e-06 9.09185e-07 7.57557e-07 6.29528e-07 5.22387e-07 4.33412e-07 3.59969e-07 2.99644e-07 2.50284e-07 2.09998e-07 
5.74789e-12 1.82699e-10 1.2834e-09 4.78523e-09 1.27213e-08 2.77385e-08 5.32528e-08 9.31782e-08 1.51715e-07 2.33457e-07 3.4309e-07 4.84811e-07 6.62229e-07 8.78296e-07 1.13487e-06 1.43226e-06 1.76871e-06 2.14002e-06 2.53964e-06 2.9589e-06 3.38741e-06 3.81301e-06 4.22046e-06 4.5901e-06 4.89884e-06 5.12282e-06 5.24014e-06 5.23623e-06 5.11144e-06 4.88299e-06 4.57777e-06 4.22315e-06 3.8427e-06 3.45505e-06 3.07361e-06 2.70727e-06 2.36221e-06 2.04293e-06 1.75247e-06 1.49239e-06 1.26285e-06 1.06284e-06 8.90549e-07 7.4364e-07 6.19549e-07 5.1561e-07 4.29167e-07 3.57684e-07 2.98841e-07 2.50577e-07 
5.61408e-12 1.64557e-10 1.06496e-09 3.81816e-09 1.01572e-08 2.23862e-08 4.32e-08 7.57617e-08 1.23756e-07 1.91159e-07 2.82053e-07 4.00453e-07 5.49966e-07 7.33599e-07 9.53686e-07 1.21156e-06 1.5071e-06 1.83821e-06 2.20049e-06 2.58723e-06 2.98983e-06 3.39821e-06 3.80066e-06 4.18277e-06 4.52623e-06 4.80976e-06 5.01148e-06 5.11144e-06 5.09656e-06 4.96763e-06 4.74106e-06 4.44221e-06 4.09691e-06 3.72744e-06 3.35151e-06 2.98186e-06 2.62705e-06 2.29305e-06 1.98418e-06 1.70336e-06 1.45205e-06 1.23032e-06 1.03715e-06 8.70712e-07 7.28728e-07 6.08684e-07 5.08009e-07 4.24155e-07 3.5469e-07 2.97401e-07 
3.71961e-12 1.13727e-10 7.81456e-10 2.9368e-09 8.01076e-09 1.78536e-08 3.46751e-08 6.11296e-08 1.0031e-07 1.5555e-07 2.30336e-07 3.28313e-07 4.53035e-07 6.07626e-07 7.94665e-07 1.01606e-06 1.27274e-06 1.56415e-06 1.88787e-06 2.2393e-06 2.61179e-06 2.99693e-06 3.3849e-06 3.76455e-06 4.12233e-06 4.44119e-06 4.70145e-06 4.88299e-06 4.96763e-06 4.94369e-06 4.81233e-06 4.58913e-06 4.29795e-06 3.96309e-06 3.60559e-06 3.24224e-06 2.8852e-06 2.5427e-06 2.2205e-06 1.92274e-06 1.65216e-06 1.41007e-06 1.19649e-06 1.01036e-06 8.4991e-07 7.12918e-07 5.96979e-07 4.99629e-07 4.18433e-07 3.51063e-07 
2.2241e-12 7.60455e-11 5.83801e-10 2.31085e-09 6.35008e-09 1.41323e-08 2.75935e-08 4.90045e-08 8.07954e-08 1.2571e-07 1.86801e-07 2.67244e-07 3.70313e-07 4.99222e-07 6.56765e-07 8.45153e-07 1.06587e-06 1.31938e-06 1.60477e-06 1.91945e-06 2.25876e-06 2.61611e-06 2.98333e-06 3.35104e-06 3.70859e-06 4.04321e-06 4.339e-06 4.57777e-06 4.74106e-06 4.81233e-06 4.78112e-06 4.64883e-06 4.43019e-06 4.1476e-06 3.82396e-06 3.47914e-06 3.12905e-06 2.7853e-06 2.45576e-06 2.14593e-06 1.85973e-06 1.5997e-06 1.36704e-06 1.16172e-06 9.82702e-07 8.28275e-07 6.96325e-07 5.84549e-07 4.90588e-07 4.12103e-07 
3.20241e-12 8.98891e-11 5.53288e-10 1.91015e-09 5.0302e-09 1.11955e-08 2.19521e-08 3.90716e-08 6.46034e-08 1.00845e-07 1.50348e-07 2.15914e-07 3.00495e-07 4.0711e-07 5.38662e-07 6.97577e-07 8.85628e-07 1.1039e-06 1.35258e-06 1.63052e-06 1.93493e-06 2.26121e-06 2.60295e-06 2.95226e-06 3.30009e-06 3.63633e-06 3.94893e-06 4.22315e-06 4.44221e-06 4.58913e-06 4.64883e-06 4.61186e-06 4.4798e-06 4.2666e-06 3.99332e-06 3.68151e-06 3.34994e-06 3.01368e-06 2.68372e-06 2.36755e-06 2.07037e-06 1.79589e-06 1.54649e-06 1.3233e-06 1.12625e-06 9.54358e-07 8.0599e-07 6.79121e-07 5.71538e-07 4.80971e-07 
2.17453e-12 6.31998e-11 4.1211e-10 1.49275e-09 4.01711e-09 8.95541e-09 1.74741e-08 3.09969e-08 5.12594e-08 8.0219e-08 1.20031e-07 1.73123e-07 2.42135e-07 3.29791e-07 4.38802e-07 5.71667e-07 7.30453e-07 9.16666e-07 1.1311e-06 1.37365e-06 1.643e-06 1.93635e-06 2.24913e-06 2.5751e-06 2.90663e-06 3.23507e-06 3.55084e-06 3.8427e-06 4.09691e-06 4.29795e-06 4.43019e-06 4.4798e-06 4.43832e-06 4.30747e-06 4.10045e-06 3.83708e-06 3.53762e-06 3.21974e-06 2.89762e-06 2.58167e-06 2.27898e-06 1.99448e-06 1.7317e-06 1.4929e-06 1.27913e-06 1.09034e-06 9.25575e-07 7.83256e-07 6.61437e-07 5.57995e-07 
6.21708e-13 2.75266e-11 2.61888e-10 1.14578e-09 3.23465e-09 7.15569e-09 1.38169e-08 2.44169e-08 4.03447e-08 6.32538e-08 9.5057e-08 1.37837e-07 1.93871e-07 2.65567e-07 3.55322e-07 4.65532e-07 5.98459e-07 7.55896e-07 9.39042e-07 1.14848e-06 1.38395e-06 1.64401e-06 1.9258e-06 2.2248e-06 2.53495e-06 2.84899e-06 3.15871e-06 3.45505e-06 3.72744e-06 3.96309e-06 4.1476e-06 4.2666e-06 4.30747e-06 4.26259e-06 4.13384e-06 3.93369e-06 3.6807e-06 3.39389e-06 3.08984e-06 2.78192e-06 2.47993e-06 2.19063e-06 1.91872e-06 1.66754e-06 1.43926e-06 1.23486e-06 1.05426e-06 8.96536e-07 7.60168e-07 6.43311e-07 
1.74398e-12 4.7921e-11 2.89618e-10 9.81571e-10 2.54171e-09 5.56422e-09 1.07569e-08 1.9004e-08 3.14558e-08 4.95075e-08 7.47863e-08 1.09118e-07 1.54427e-07 2.12736e-07 2.86212e-07 3.77079e-07 4.87494e-07 6.19423e-07 7.74448e-07 9.53606e-07 1.15728e-06 1.385e-06 1.63522e-06 1.90507e-06 2.19017e-06 2.48474e-06 2.78182e-06 3.07361e-06 3.35151e-06 3.60559e-06 3.82396e-06 3.99332e-06 4.10045e-06 4.13384e-06 4.08664e-06 3.96077e-06 3.76796e-06 3.52558e-06 3.25145e-06 2.96114e-06 2.66726e-06 2.37907e-06 2.103e-06 1.84352e-06 1.60382e-06 1.38592e-06 1.19073e-06 1.01816e-06 8.67323e-07 7.36805e-07 
1.56644e-12 4.15882e-11 2.37517e-10 7.59551e-10 1.90859e-09 4.17499e-09 8.15596e-09 1.45591e-08 2.43078e-08 3.85557e-08 5.86495e-08 8.61012e-08 1.22539e-07 1.69722e-07 2.29567e-07 3.04062e-07 3.95183e-07 5.04901e-07 6.35021e-07 7.8691e-07 9.61377e-07 1.15861e-06 1.37803e-06 1.61805e-06 1.87586e-06 2.14722e-06 2.42658e-06 2.70727e-06 2.98186e-06 3.24224e-06 3.47914e-06 3.68151e-06 3.83708e-06 3.93369e-06 3.96077e-06 3.91212e-06 3.78967e-06 3.60441e-06 3.37263e-06 3.11104e-06 2.83427e-06 2.55419e-06 2.27959e-06 2.01654e-06 1.76929e-06 1.54083e-06 1.33307e-06 1.14686e-06 9.82145e-07 8.38084e-07 
-6.99624e-14 4.09427e-12 8.45236e-11 4.47977e-10 1.33807e-09 3.03862e-09 6.04184e-09 1.1016e-08 1.87078e-08 3.00199e-08 4.60226e-08 6.79072e-08 9.70677e-08 1.35083e-07 1.83591e-07 2.44316e-07 3.19108e-07 4.09822e-07 5.18228e-07 6.45893e-07 7.93977e-07 9.63129e-07 1.15344e-06 1.36426e-06 1.59398e-06 1.83983e-06 2.09769e-06 2.36221e-06 2.62705e-06 2.8852e-06 3.12905e-06 3.34994e-06 3.53762e-06 3.6807e-06 3.76796e-06 3.78967e-06 3.74019e-06 3.62145e-06 3.44381e-06 3.22252e-06 2.97325e-06 2.70977e-06 2.44325e-06 2.18195e-06 1.93161e-06 1.69626e-06 1.47874e-06 1.28086e-06 1.10344e-06 9.46427e-07 
3.61026e-13 9.78775e-12 6.89404e-11 2.87997e-10 8.88223e-10 2.17038e-09 4.49866e-09 8.38696e-09 1.44955e-08 2.35235e-08 3.62538e-08 5.36804e-08 7.69892e-08 1.07487e-07 1.46604e-07 1.9589e-07 2.56996e-07 3.31606e-07 4.2137e-07 5.27858e-07 6.52464e-07 7.96226e-07 9.59691e-07 1.14284e-06 1.34495e-06 1.56436e-06 1.79834e-06 2.04293e-06 2.29305e-06 2.5427e-06 2.7853e-06 3.01368e-06 3.21974e-06 3.39389e-06 3.52558e-06 3.60441e-06 3.62145e-06 3.5716e-06 3.45679e-06 3.28676e-06 3.07582e-06 2.83864e-06 2.58814e-06 2.3348e-06 2.08642e-06 1.84842e-06 1.62463e-06 1.41776e-06 1.22953e-06 1.06071e-06 
7.32217e-13 1.74115e-11 8.69327e-11 2.56149e-10 6.75529e-10 1.64161e-09 3.49899e-09 6.62418e-09 1.14875e-08 1.86488e-08 2.8774e-08 4.26786e-08 6.12984e-08 8.57005e-08 1.17142e-07 1.57011e-07 2.06737e-07 2.67799e-07 3.41716e-07 4.29992e-07 5.34077e-07 6.55245e-07 7.94397e-07 9.51952e-07 1.12778e-06 1.32106e-06 1.53018e-06 1.75247e-06 1.98418e-06 2.2205e-06 2.45576e-06 2.68372e-06 2.89762e-06 3.08984e-06 3.25145e-06 3.37263e-06 3.44381e-06 3.45679e-06 3.40696e-06 3.29624e-06 3.13379e-06 2.93299e-06 2.70757e-06 2.46965e-06 2.22907e-06 1.99321e-06 1.76719e-06 1.55465e-06 1.35816e-06 1.17934e-06 
-1.74021e-14 2.54526e-12 4.56039e-11 2.25294e-10 6.43704e-10 1.45914e-09 2.97271e-09 5.51236e-09 9.38562e-09 1.50505e-08 2.31189e-08 3.42234e-08 4.90882e-08 6.86303e-08 9.39069e-08 1.26077e-07 1.66391e-07 2.16147e-07 2.76715e-07 3.49523e-07 4.3597e-07 5.37369e-07 6.54845e-07 7.89152e-07 9.40584e-07 1.10894e-06 1.29341e-06 1.49239e-06 1.70336e-06 1.92274e-06 2.14593e-06 2.36755e-06 2.58167e-06 2.78192e-06 2.96114e-06 3.11104e-06 3.22252e-06 3.28676e-06 3.29624e-06 3.24678e-06 3.14026e-06 2.98527e-06 2.79432e-06 2.58028e-06 2.35452e-06 2.12631e-06 1.90257e-06 1.68819e-06 1.48659e-06 1.30017e-06 
3.13604e-13 8.65683e-12 5.96086e-11 2.31917e-10 6.50831e-10 1.44516e-09 2.74534e-09 4.77435e-09 7.87343e-09 1.24282e-08 1.88665e-08 2.77203e-08 3.96326e-08 5.53442e-08 7.5698e-08 1.01639e-07 1.34224e-07 1.74621e-07 2.24072e-07 2.8387e-07 3.55325e-07 4.39704e-07 5.38166e-07 6.51687e-07 7.80923e-07 9.26112e-07 1.08702e-06 1.26285e-06 1.45205e-06 1.65216e-06 1.85973e-06 2.07037e-06 2.27898e-06 2.47993e-06 2.66726e-06 2.83427e-06 2.97325e-06 3.07582e-06 3.13379e-06 3.14026e-06 3.09143e-06 2.98913e-06 2.84141e-06 2.66001e-06 2.45699e-06 2.243e-06 2.02677e-06 1.8148e-06 1.61168e-06 1.42061e-06 
5.97296e-13 1.50892e-11 8.37052e-11 2.66076e-10 6.63665e-10 1.3858e-09 2.5128e-09 4.20219e-09 6.74259e-09 1.04413e-08 1.56206e-08 2.27344e-08 3.2343e-08 4.50344e-08 6.14613e-08 8.23908e-08 1.08714e-07 1.41455e-07 1.8173e-07 2.3069e-07 2.89517e-07 3.59388e-07 4.41429e-07 5.36695e-07 6.46082e-07 7.70178e-07 9.09185e-07 1.06284e-06 1.23032e-06 1.41007e-06 1.5997e-06 1.79589e-06 1.99448e-06 2.19063e-06 2.37907e-06 2.55419e-06 2.70977e-06 2.83864e-06 2.93299e-06 2.98527e-06 2.98913e-06 2.9411e-06 2.84301e-06 2.70241e-06 2.53029e-06 2.33794e-06 2.13536e-06 1.93069e-06 1.73003e-06 1.53769e-06 
1.98108e-13 7.75362e-12 6.652e-11 2.52302e-10 6.07634e-10 1.18759e-09 2.14663e-09 3.64494e-09 5.79965e-09 8.82849e-09 1.30752e-08 1.8905e-08 2.67226e-08 3.70112e-08 5.03053e-08 6.723e-08 8.85444e-08 1.1511e-07 1.47881e-07 1.87882e-07 2.36155e-07 2.93761e-07 3.61789e-07 4.41294e-07 5.33253e-07 6.38498e-07 7.57557e-07 8.90549e-07 1.03715e-06 1.19649e-06 1.36704e-06 1.54649e-06 1.7317e-06 1.91872e-06 2.103e-06 2.27959e-06 2.44325e-06 2.58814e-06 2.70757e-06 2.79432e-06 2.84141e-06 2.84301e-06 2.79599e-06 2.70211e-06 2.56849e-06 2.40539e-06 2.22336e-06 2.03171e-06 1.8381e-06 1.64825e-06 
4.09458e-13 1.02167e-11 5.58307e-11 1.70329e-10 4.15932e-10 8.99711e-10 1.73711e-09 3.02648e-09 4.87728e-09 7.46218e-09 1.10359e-08 1.58909e-08 2.23283e-08 3.0712e-08 4.1511e-08 5.52721e-08 7.2611e-08 9.42356e-08 1.20939e-07 1.53582e-07 1.9309e-07 2.40438e-07 2.96633e-07 3.62699e-07 4.3963e-07 5.28332e-07 6.29528e-07 7.4364e-07 8.70712e-07 1.01036e-06 1.16172e-06 1.3233e-06 1.4929e-06 1.66754e-06 1.84352e-06 2.01654e-06 2.18195e-06 2.3348e-06 2.46965e-06 2.58028e-06 2.66001e-06 2.70241e-06 2.70211e-06 2.65629e-06 2.56665e-06 2.43984e-06 2.28541e-06 2.11323e-06 1.93203e-06 1.74897e-06 
1.59489e-13 2.8738e-12 1.35226e-11 5.86999e-11 2.30999e-10 6.39316e-10 1.33554e-09 2.39666e-09 3.98687e-09 6.26143e-09 9.34652e-09 1.34325e-08 1.87776e-08 2.56837e-08 3.45378e-08 4.5808e-08 6.00045e-08 7.76927e-08 9.95075e-08 1.26161e-07 1.58466e-07 1.97312e-07 2.43625e-07 2.98368e-07 3.62501e-07 4.36911e-07 5.22387e-07 6.19549e-07 7.28728e-07 8.4991e-07 9.82702e-07 1.12625e-06 1.27913e-06 1.43926e-06 1.60382e-06 1.76929e-06 1.93161e-06 2.08642e-06 2.22907e-06 2.35452e-06 2.45699e-06 2.53029e-06 2.56849e-06 2.56665e-06 2.52219e-06 2.43671e-06 2.31643e-06 2.17029e-06 2.00751e-06 1.83626e-06 
-3.68918e-13 -7.63985e-12 -1.65284e-11 2.85418e-11 1.78389e-10 4.64697e-10 9.81114e-10 1.86576e-09 3.23581e-09 5.20157e-09 7.86676e-09 1.134e-08 1.58177e-08 2.15856e-08 2.89532e-08 3.82777e-08 4.99849e-08 6.45267e-08 8.24057e-08 1.04227e-07 1.30687e-07 1.62564e-07 2.00718e-07 2.46025e-07 2.99355e-07 3.61555e-07 4.33412e-07 5.1561e-07 6.08684e-07 7.12918e-07 8.28275e-07 9.54358e-07 1.09034e-06 1.23486e-06 1.38592e-06 1.54083e-06 1.69626e-06 1.84842e-06 1.99321e-06 2.12631e-06 2.243e-06 2.33794e-06 2.40539e-06 2.43984e-06 2.43671e-06 2.39365e-06 2.31219e-06 2.19817e-06 2.05994e-06 1.90611e-06 
3.29051e-13 7.72507e-12 3.75057e-11 9.24514e-11 1.81808e-10 3.6908e-10 7.71089e-10 1.50586e-09 2.65809e-09 4.30229e-09 6.53854e-09 9.49071e-09 1.33077e-08 1.8194e-08 2.4407e-08 3.22231e-08 4.19492e-08 5.39573e-08 6.86849e-08 8.66346e-08 1.08396e-07 1.34648e-07 1.66137e-07 2.03638e-07 2.4793e-07 2.9979e-07 3.59969e-07 4.29167e-07 5.08009e-07 5.96979e-07 6.96325e-07 8.0599e-07 9.25575e-07 1.05426e-06 1.19073e-06 1.33307e-06 1.47874e-06 1.62463e-06 1.76719e-06 1.90257e-06 2.02677e-06 2.13536e-06 2.22336e-06 2.28541e-06 2.31643e-06 2.31219e-06 2.27055e-06 2.19299e-06 2.08495e-06 1.95425e-06 
5.07518e-13 1.10802e-11 4.50633e-11 9.08445e-11 1.67043e-10 3.50825e-10 7.12098e-10 1.30946e-09 2.22624e-09 3.55079e-09 5.38648e-09 7.87553e-09 1.11557e-08 1.53563e-08 2.06529e-08 2.72569e-08 3.5401e-08 4.53879e-08 5.75985e-08 7.24666e-08 9.04939e-08 1.12248e-07 1.38341e-07 1.69432e-07 2.06216e-07 2.49386e-07 2.99644e-07 3.57684e-07 4.24155e-07 4.99629e-07 5.84549e-07 6.79121e-07 7.83256e-07 8.96536e-07 1.01816e-06 1.14686e-06 1.28086e-06 1.41776e-06 1.55465e-06 1.68819e-06 1.8148e-06 1.93069e-06 2.03171e-06 2.11323e-06 2.17029e-06 2.19817e-06 2.19299e-06 2.15278e-06 2.07896e-06 1.97661e-06 
-3.3819e-13 -7.19732e-12 -1.66713e-11 2.18576e-11 1.52124e-10 3.74421e-10 7.03958e-10 1.18769e-09 1.89332e-09 2.93347e-09 4.44151e-09 6.53429e-09 9.33362e-09 1.29564e-08 1.74976e-08 2.30958e-08 2.9965e-08 3.83571e-08 4.85787e-08 6.1017e-08 7.60948e-08 9.42577e-08 1.16002e-07 1.41871e-07 1.72452e-07 2.08373e-07 2.50284e-07 2.98841e-07 3.5469e-07 4.18433e-07 4.90588e-07 5.71538e-07 6.61437e-07 7.60168e-07 8.67323e-07 9.82145e-07 1.10344e-06 1.22953e-06 1.35816e-06 1.48659e-06 1.61168e-06 1.73003e-06 1.8381e-06 1.93203e-06 2.00751e-06 2.05994e-06 2.08495e-06 2.07896e-06 2.04016e-06 1.96986e-06 
-4.71204e-14 -1.12654e-12 2.68302e-12 4.21706e-11 1.5801e-10 3.63051e-10 6.50068e-10 1.04075e-09 1.60781e-09 2.45747e-09 3.70699e-09 5.46888e-09 7.84303e-09 1.09194e-08 1.47869e-08 1.95567e-08 2.53932e-08 3.25195e-08 4.12011e-08 5.1741e-08 6.44759e-08 7.97673e-08 9.8006e-08 1.19628e-07 1.45126e-07 1.75051e-07 2.09998e-07 2.50577e-07 2.97401e-07 3.51063e-07 4.12103e-07 4.80971e-07 5.57995e-07 6.43311e-07 7.36805e-07 8.38084e-07 9.46427e-07 1.06071e-06 1.17934e-06 1.30017e-06 1.42061e-06 1.53769e-06 1.64825e-06 1.74897e-06 1.83626e-06 1.90611e-06 1.95425e-06 1.97661e-06 1.96986e-06 1.93234e-06 
}
double dx 2
bool fixed_width_bins true
int l 4
int m 4
int ndata 50
string particle1 pi+
string particle2 pi+
bool realpart true
bool spherical_harmonic true
double xoffset 1
vector_double y_datablock {
4.82516e-06
0.000124884
0.000621403
0.00150996
0.00255259
0.00364939
0.0048143
0.00590248
0.00669047
0.00710895
0.007229
0.0071343
0.00688009
0.00649706
0.00599953
0.00540594
0.00475071
0.00408051
0.00344105
0.00286063
0.00234902
0.00190753
0.00153132
0.00121211
0.000944846
0.000725595
0.000547167
0.000402514
0.000286892
0.000196463
0.000127657
7.58953e-05
3.61452e-05
5.63013e-06
-1.71513e-05
-3.41243e-05
-4.60501e-05
-5.27216e-05
-5.48857e-05
-5.38194e-05
-5.07102e-05
-4.66536e-05
-4.21342e-05
-3.76165e-05
-3.38097e-05
-3.05918e-05
-2.78337e-05
-2.63285e-05
-2.60352e-05
-2.5908e-05
}