
bool bigQ false
matrix_double covmtx_datablock {
1.81345e-08 1.00186e-07 1.77328e-07 2.03076e-07 2.0558e-07 2.07921e-07 2.00294e-07 1.79477e-07 1.56982e-07 1.38447e-07 1.22618e-07 1.08778e-07 9.60861e-08 8.37344e-08 7.20648e-08 6.13547e-08 5.18168e-08 4.37004e-08 3.65545e-08 3.0088e-08 2.46036e-08 1.99949e-08 1.60189e-08 1.28073e-08 1.02387e-08 8.04094e-09 6.25102e-09 4.85386e-09 3.73942e-09 2.9086e-09 2.25669e-09 1.69922e-09 1.32615e-09 1.07762e-09 8.38557e-10 6.927e-10 6.36918e-10 5.51404e-10 4.63077e-10 4.01222e-10 3.22384e-10 2.62814e-10 2.37264e-10 2.05788e-10 1.92274e-10 1.86466e-10 1.46735e-10 1.29162e-10 1.48306e-10 1.31549e-10 
1.00186e-07 5.6933e-07 1.06434e-06 1.30437e-06 1.37816e-06 1.40159e-06 1.35387e-06 1.22863e-06 1.08429e-06 9.58264e-07 8.50263e-07 7.54867e-07 6.66751e-07 5.81902e-07 5.01476e-07 4.27518e-07 3.61721e-07 3.04932e-07 2.54969e-07 2.10375e-07 1.72135e-07 1.39807e-07 1.1231e-07 8.98449e-08 7.16672e-08 5.64163e-08 4.39414e-08 3.40912e-08 2.63449e-08 2.04493e-08 1.5811e-08 1.20347e-08 9.37627e-09 7.51457e-09 5.94685e-09 4.93434e-09 4.41217e-09 3.84728e-09 3.26435e-09 2.77988e-09 2.26998e-09 1.87228e-09 1.64803e-09 1.4576e-09 1.35392e-09 1.26295e-09 1.04808e-09 9.45271e-10 9.96451e-10 9.04453e-10 
1.77328e-07 1.06434e-06 2.19366e-06 3.00142e-06 3.4041e-06 3.53058e-06 3.44385e-06 3.18836e-06 2.86042e-06 2.54428e-06 2.26481e-06 2.01391e-06 1.78008e-06 1.55703e-06 1.34542e-06 1.1502e-06 9.75742e-07 8.226e-07 6.87885e-07 5.69292e-07 4.6655e-07 3.79058e-07 3.0549e-07 2.44676e-07 1.94824e-07 1.53742e-07 1.20121e-07 9.32618e-08 7.22671e-08 5.59703e-08 4.31876e-08 3.32424e-08 2.58618e-08 2.04644e-08 1.64586e-08 1.37047e-08 1.18879e-08 1.03785e-08 8.89488e-09 7.48487e-09 6.21206e-09 5.19036e-09 4.47912e-09 4.00971e-09 3.67347e-09 3.31469e-09 2.91812e-09 2.68138e-09 2.58598e-09 2.40504e-09 
2.03076e-07 1.30437e-06 3.00142e-06 4.60794e-06 5.67029e-06 6.1216e-06 6.1094e-06 5.79464e-06 5.31342e-06 4.78615e-06 4.28406e-06 3.81988e-06 3.38336e-06 2.9678e-06 2.57434e-06 2.20976e-06 1.88027e-06 1.58722e-06 1.3289e-06 1.10264e-06 9.05998e-07 7.37677e-07 5.96101e-07 4.78266e-07 3.80932e-07 3.0113e-07 2.36103e-07 1.83859e-07 1.42664e-07 1.10411e-07 8.53055e-08 6.60338e-08 5.13965e-08 4.05333e-08 3.27738e-08 2.72575e-08 2.32277e-08 2.00883e-08 1.72615e-08 1.45683e-08 1.22077e-08 1.0292e-08 8.86114e-09 7.87911e-09 7.0969e-09 6.37241e-09 5.78575e-09 5.3254e-09 4.93322e-09 4.63986e-09 
2.0558e-07 1.37816e-06 3.4041e-06 5.67029e-06 7.51616e-06 8.58294e-06 8.90398e-06 8.70001e-06 8.18095e-06 7.50378e-06 6.78214e-06 6.07642e-06 5.40109e-06 4.75587e-06 4.14462e-06 3.57472e-06 3.05316e-06 2.58431e-06 2.16874e-06 1.8041e-06 1.48718e-06 1.21503e-06 9.84521e-07 7.91674e-07 6.31812e-07 5.00486e-07 3.93704e-07 3.0772e-07 2.3921e-07 1.85361e-07 1.43556e-07 1.11374e-07 8.68925e-08 6.86747e-08 5.54347e-08 4.5853e-08 3.87072e-08 3.30673e-08 2.83068e-08 2.40726e-08 2.03369e-08 1.7266e-08 1.49002e-08 1.30815e-08 1.16521e-08 1.05264e-08 9.60821e-09 8.80975e-09 8.14378e-09 7.67767e-09 
2.07921e-07 1.40159e-06 3.53058e-06 6.1216e-06 8.58294e-06 1.0399e-05 1.13446e-05 1.15141e-05 1.1144e-05 1.04479e-05 9.58208e-06 8.65737e-06 7.73736e-06 6.84765e-06 5.99925e-06 5.20155e-06 4.46376e-06 3.79334e-06 3.19404e-06 2.66566e-06 2.20538e-06 1.80876e-06 1.47073e-06 1.18616e-06 9.49362e-07 7.5432e-07 5.95305e-07 4.66875e-07 3.64121e-07 2.8293e-07 2.19598e-07 1.70759e-07 1.33624e-07 1.0581e-07 8.51984e-08 6.9987e-08 5.85525e-08 4.95634e-08 4.22035e-08 3.59948e-08 3.06748e-08 2.62156e-08 2.25971e-08 1.97125e-08 1.74842e-08 1.57695e-08 1.43573e-08 1.31749e-08 1.22476e-08 1.15555e-08 
2.00294e-07 1.35387e-06 3.44385e-06 6.1094e-06 8.90398e-06 1.13446e-05 1.30389e-05 1.38402e-05 1.38612e-05 1.33304e-05 1.24574e-05 1.14008e-05 1.02762e-05 9.15429e-06 8.06864e-06 7.03679e-06 6.07247e-06 5.1866e-06 4.38677e-06 3.67634e-06 3.05399e-06 2.51512e-06 2.0536e-06 1.66269e-06 1.33561e-06 1.06512e-06 8.43605e-07 6.63989e-07 5.19884e-07 4.05424e-07 3.15587e-07 2.4611e-07 1.93076e-07 1.52997e-07 1.22924e-07 1.00338e-07 8.31949e-08 6.9897e-08 5.92423e-08 5.0504e-08 4.32533e-08 3.71415e-08 3.20227e-08 2.79075e-08 2.46772e-08 2.21188e-08 2.00898e-08 1.84883e-08 1.72297e-08 1.6237e-08 
1.79477e-07 1.22863e-06 3.18836e-06 5.79464e-06 8.70001e-06 1.15141e-05 1.38402e-05 1.53694e-05 1.60017e-05 1.58572e-05 1.51573e-05 1.41095e-05 1.28749e-05 1.1571e-05 1.02721e-05 9.01802e-06 7.83148e-06 6.72914e-06 5.7232e-06 4.82078e-06 4.02368e-06 3.329e-06 2.7307e-06 2.22119e-06 1.79221e-06 1.43521e-06 1.14141e-06 9.02136e-07 7.09243e-07 5.55373e-07 4.34038e-07 3.39571e-07 2.66927e-07 2.11575e-07 1.6958e-07 1.37694e-07 1.13343e-07 9.45374e-08 7.97595e-08 6.78894e-08 5.81512e-08 5.00457e-08 4.32943e-08 3.77447e-08 3.3259e-08 2.9694e-08 2.69162e-08 2.47707e-08 2.30753e-08 2.16622e-08 
1.56982e-07 1.08429e-06 2.86042e-06 5.31342e-06 8.18095e-06 1.1144e-05 1.38612e-05 1.60017e-05 1.73209e-05 1.77561e-05 1.74341e-05 1.6569e-05 1.53624e-05 1.39727e-05 1.25177e-05 1.10741e-05 9.68583e-06 8.37941e-06 7.17298e-06 6.07836e-06 5.10154e-06 4.24295e-06 3.49833e-06 2.86028e-06 2.31963e-06 1.86662e-06 1.49147e-06 1.18425e-06 9.35259e-07 7.35676e-07 5.77477e-07 4.53402e-07 3.5712e-07 2.83071e-07 2.26387e-07 1.83041e-07 1.49809e-07 1.24175e-07 1.04218e-07 8.84045e-08 7.55917e-08 6.50935e-08 5.64378e-08 4.92444e-08 4.33338e-08 3.86177e-08 3.49294e-08 3.20527e-08 2.97506e-08 2.77979e-08 
1.38447e-07 9.58264e-07 2.54428e-06 4.78615e-06 7.50378e-06 1.04479e-05 1.33304e-05 1.58572e-05 1.77561e-05 1.88366e-05 1.90656e-05 1.85708e-05 1.75554e-05 1.62127e-05 1.46973e-05 1.31251e-05 1.15739e-05 1.00894e-05 8.69964e-06 7.42279e-06 6.27006e-06 5.24629e-06 4.35055e-06 3.57709e-06 2.91713e-06 2.36041e-06 1.89602e-06 1.51312e-06 1.20101e-06 9.4934e-07 7.4853e-07 5.89909e-07 4.6572e-07 3.69261e-07 2.94835e-07 2.37589e-07 1.93557e-07 1.59598e-07 1.332e-07 1.12439e-07 9.58983e-08 8.2509e-08 7.15187e-08 6.24553e-08 5.50098e-08 4.89795e-08 4.41832e-08 4.03655e-08 3.7258e-08 3.46551e-08 
1.22618e-07 8.50263e-07 2.26481e-06 4.28406e-06 6.78214e-06 9.58208e-06 1.24574e-05 1.51573e-05 1.74341e-05 1.90656e-05 1.99027e-05 1.99317e-05 1.92786e-05 1.81354e-05 1.66858e-05 1.50786e-05 1.34264e-05 1.18053e-05 1.02613e-05 8.82236e-06 7.50658e-06 6.32408e-06 5.27824e-06 4.36672e-06 3.58268e-06 2.9163e-06 2.35634e-06 1.89118e-06 1.50927e-06 1.19917e-06 9.49925e-07 7.51485e-07 5.94843e-07 4.72128e-07 3.76648e-07 3.02768e-07 2.45744e-07 2.01656e-07 1.67398e-07 1.40606e-07 1.19456e-07 1.02515e-07 8.87538e-08 7.75153e-08 6.83311e-08 6.08256e-08 5.47096e-08 4.97347e-08 4.56632e-08 4.22877e-08 
1.08778e-07 7.54867e-07 2.01391e-06 3.81988e-06 6.07642e-06 8.65737e-06 1.14008e-05 1.41095e-05 1.6569e-05 1.85708e-05 1.99317e-05 2.05349e-05 2.03814e-05 1.95933e-05 1.83509e-05 1.68273e-05 1.51634e-05 1.34668e-05 1.18108e-05 1.02405e-05 8.78338e-06 7.4564e-06 6.26837e-06 5.22147e-06 4.3122e-06 3.53271e-06 2.87254e-06 2.31982e-06 1.86226e-06 1.48768e-06 1.18421e-06 9.40615e-07 7.46767e-07 5.93721e-07 4.73721e-07 3.80216e-07 3.07654e-07 2.51381e-07 2.07675e-07 1.73581e-07 1.46764e-07 1.25478e-07 1.08423e-07 9.46186e-08 8.33698e-08 7.41467e-08 6.65247e-08 6.02249e-08 5.50441e-08 5.07749e-08 
9.60861e-08 6.66751e-07 1.78008e-06 3.38336e-06 5.40109e-06 7.73736e-06 1.02762e-05 1.28749e-05 1.53624e-05 1.75554e-05 1.92786e-05 2.03814e-05 2.07721e-05 2.04622e-05 1.95682e-05 1.82578e-05 1.66923e-05 1.50044e-05 1.32956e-05 1.16358e-05 1.00681e-05 8.61876e-06 7.30349e-06 6.12988e-06 5.09892e-06 4.20625e-06 3.44337e-06 2.79915e-06 2.26122e-06 1.81687e-06 1.45367e-06 1.1597e-06 9.23862e-07 7.36203e-07 5.87998e-07 4.71652e-07 3.80765e-07 3.10033e-07 2.55019e-07 2.12099e-07 1.78454e-07 1.51928e-07 1.30864e-07 1.13971e-07 1.00249e-07 8.89766e-08 7.96516e-08 7.19045e-08 6.54833e-08 6.01936e-08 
8.37344e-08 5.81902e-07 1.55703e-06 2.9678e-06 4.75587e-06 6.84765e-06 9.15429e-06 1.1571e-05 1.39727e-05 1.62127e-05 1.81354e-05 1.95933e-05 2.04622e-05 2.06699e-05 2.0234e-05 1.92643e-05 1.79157e-05 1.6338e-05 1.46551e-05 1.29618e-05 1.1324e-05 9.78238e-06 8.36173e-06 7.07634e-06 5.93271e-06 4.9309e-06 4.06568e-06 3.32796e-06 2.70621e-06 2.18785e-06 1.76019e-06 1.41093e-06 1.12841e-06 9.01812e-07 7.21453e-07 5.78847e-07 4.66738e-07 3.79012e-07 3.10537e-07 2.57086e-07 2.15282e-07 1.82457e-07 1.56517e-07 1.3583e-07 1.19121e-07 1.0545e-07 9.417e-08 8.48203e-08 7.70525e-08 7.05923e-08 
7.20648e-08 5.01476e-07 1.34542e-06 2.57434e-06 4.14462e-06 5.99925e-06 8.06864e-06 1.02721e-05 1.25177e-05 1.46973e-05 1.66858e-05 1.83509e-05 1.95682e-05 2.0234e-05 2.02906e-05 1.97592e-05 1.87424e-05 1.7383e-05 1.5819e-05 1.41652e-05 1.25099e-05 1.09145e-05 9.41725e-06 8.04127e-06 6.79955e-06 5.6974e-06 4.73392e-06 3.90328e-06 3.19604e-06 2.6007e-06 2.10485e-06 1.69609e-06 1.36246e-06 1.09263e-06 8.76123e-07 7.03694e-07 5.67247e-07 4.59801e-07 3.75536e-07 3.09637e-07 2.58111e-07 2.17718e-07 1.85877e-07 1.60565e-07 1.40244e-07 1.23753e-07 1.10225e-07 9.90524e-08 8.97698e-08 8.19762e-08 
6.13547e-08 4.27518e-07 1.1502e-06 2.20976e-06 3.57472e-06 5.20155e-06 7.03679e-06 9.01802e-06 1.10741e-05 1.31251e-05 1.50786e-05 1.68273e-05 1.82578e-05 1.92643e-05 1.97592e-05 1.96961e-05 1.90982e-05 1.80602e-05 1.67131e-05 1.51838e-05 1.35782e-05 1.19781e-05 1.04405e-05 9.00129e-06 7.68151e-06 6.49282e-06 5.43947e-06 4.51989e-06 3.72798e-06 3.05436e-06 2.48779e-06 2.01623e-06 1.62766e-06 1.31052e-06 1.05399e-06 8.48106e-07 6.83993e-07 5.53963e-07 4.51457e-07 3.70971e-07 3.07914e-07 2.58461e-07 2.19514e-07 1.8865e-07 1.64001e-07 1.44144e-07 1.27993e-07 1.14707e-07 1.03649e-07 9.43335e-08 
5.18168e-08 3.61721e-07 9.75742e-07 1.88027e-06 3.05316e-06 4.46376e-06 6.07247e-06 7.83148e-06 9.68583e-06 1.15739e-05 1.34264e-05 1.51634e-05 1.66923e-05 1.79157e-05 1.87424e-05 1.90982e-05 1.89447e-05 1.83056e-05 1.72682e-05 1.59521e-05 1.44738e-05 1.29307e-05 1.13983e-05 9.92952e-06 8.55716e-06 7.30066e-06 6.17041e-06 5.16991e-06 4.29727e-06 3.54636e-06 2.90805e-06 2.37143e-06 1.92492e-06 1.55705e-06 1.25682e-06 1.01387e-06 8.18757e-07 6.6314e-07 5.3976e-07 4.42385e-07 3.65772e-07 3.05554e-07 2.58138e-07 2.20655e-07 1.9085e-07 1.66981e-07 1.47687e-07 1.31889e-07 1.18756e-07 1.07688e-07 
4.37004e-08 3.04932e-07 8.226e-07 1.58722e-06 2.58431e-06 3.79334e-06 5.1866e-06 6.72914e-06 8.37941e-06 1.00894e-05 1.18053e-05 1.34668e-05 1.50044e-05 1.6338e-05 1.7383e-05 1.80602e-05 1.83056e-05 1.80873e-05 1.74283e-05 1.64089e-05 1.51381e-05 1.37227e-05 1.2252e-05 1.07955e-05 9.4018e-06 8.10118e-06 6.91156e-06 5.84237e-06 4.89665e-06 4.07231e-06 3.3633e-06 2.76078e-06 2.25439e-06 1.8331e-06 1.48599e-06 1.20261e-06 9.7325e-07 7.88989e-07 6.4193e-07 5.25185e-07 4.32852e-07 3.6001e-07 3.02594e-07 2.57261e-07 2.21328e-07 1.92665e-07 1.69579e-07 1.5076e-07 1.35196e-07 1.22123e-07 
3.65545e-08 2.54969e-07 6.87885e-07 1.3289e-06 2.16874e-06 3.19404e-06 4.38677e-06 5.7232e-06 7.17298e-06 8.69964e-06 1.02613e-05 1.18108e-05 1.32956e-05 1.46551e-05 1.5819e-05 1.67131e-05 1.72682e-05 1.74283e-05 1.71666e-05 1.6505e-05 1.55169e-05 1.43017e-05 1.29569e-05 1.15642e-05 1.01876e-05 8.87173e-06 7.64481e-06 6.52336e-06 5.51606e-06 4.62548e-06 3.84945e-06 3.18216e-06 2.61523e-06 2.13875e-06 1.74233e-06 1.41568e-06 1.14899e-06 9.33061e-07 7.59455e-07 6.20713e-07 5.10379e-07 4.22952e-07 3.53844e-07 2.99257e-07 2.56042e-07 2.21635e-07 1.94007e-07 1.71578e-07 1.53136e-07 1.37766e-07 
3.0088e-08 2.10375e-07 5.69292e-07 1.10264e-06 1.8041e-06 2.66566e-06 3.67634e-06 4.82078e-06 6.07836e-06 7.42279e-06 8.82236e-06 1.02405e-05 1.16358e-05 1.29618e-05 1.41652e-05 1.51838e-05 1.59521e-05 1.64089e-05 1.6505e-05 1.62172e-05 1.55662e-05 1.46187e-05 1.34653e-05 1.21948e-05 1.08824e-05 9.58682e-06 8.34939e-06 7.19622e-06 6.14263e-06 5.19656e-06 4.36033e-06 3.63181e-06 3.00542e-06 2.47323e-06 2.02597e-06 1.65386e-06 1.3472e-06 1.09672e-06 8.93734e-07 7.3036e-07 5.99637e-07 4.95541e-07 4.12937e-07 3.47515e-07 2.95668e-07 2.54422e-07 2.21384e-07 1.94673e-07 1.72846e-07 1.54798e-07 
2.46036e-08 1.72135e-07 4.6655e-07 9.05998e-07 1.48718e-06 2.20538e-06 3.05399e-06 4.02368e-06 5.10154e-06 6.27006e-06 7.50658e-06 8.78338e-06 1.00681e-05 1.1324e-05 1.25099e-05 1.35782e-05 1.44738e-05 1.51381e-05 1.55169e-05 1.55662e-05 1.52657e-05 1.46344e-05 1.37331e-05 1.26443e-05 1.14493e-05 1.02171e-05 9.00192e-06 7.84182e-06 6.761e-06 5.77372e-06 4.88735e-06 4.10396e-06 3.42148e-06 2.83471e-06 2.33619e-06 1.9172e-06 1.56853e-06 1.28103e-06 1.04604e-06 8.5546e-07 7.01937e-07 5.78976e-07 4.80931e-07 4.02954e-07 3.40985e-07 2.9166e-07 2.52218e-07 2.20459e-07 1.94657e-07 1.73456e-07 
1.99949e-08 1.39807e-07 3.79058e-07 7.37677e-07 1.21503e-06 1.80876e-06 2.51512e-06 3.329e-06 4.24295e-06 5.24629e-06 6.32408e-06 7.4564e-06 8.61876e-06 9.78238e-06 1.09145e-05 1.19781e-05 1.29307e-05 1.37227e-05 1.43017e-05 1.46187e-05 1.46344e-05 1.43306e-05 1.37248e-05 1.28725e-05 1.18491e-05 1.0729e-05 9.57553e-06 8.43862e-06 7.35356e-06 6.3428e-06 5.41955e-06 4.59068e-06 3.85813e-06 3.21997e-06 2.67127e-06 2.20502e-06 1.81301e-06 1.48664e-06 1.2174e-06 9.97208e-07 8.18523e-07 6.74452e-07 5.58887e-07 4.66526e-07 3.92849e-07 3.34084e-07 2.87127e-07 2.49432e-07 2.1894e-07 1.94026e-07 
1.60189e-08 1.1231e-07 3.0549e-07 5.96101e-07 9.84521e-07 1.47073e-06 2.0536e-06 2.7307e-06 3.49833e-06 4.35055e-06 5.27824e-06 6.26837e-06 7.30349e-06 8.36173e-06 9.41725e-06 1.04405e-05 1.13983e-05 1.2252e-05 1.29569e-05 1.34653e-05 1.37331e-05 1.37248e-05 1.34242e-05 1.28475e-05 1.20454e-05 1.10866e-05 1.00393e-05 8.96201e-06 7.90051e-06 6.88751e-06 5.94384e-06 5.08188e-06 4.30803e-06 3.62408e-06 3.02816e-06 2.51565e-06 2.07999e-06 1.71358e-06 1.40842e-06 1.15657e-06 9.50485e-07 7.83073e-07 6.47882e-07 5.39219e-07 4.52159e-07 3.82521e-07 3.26819e-07 2.82153e-07 2.46135e-07 2.16848e-07 
1.28073e-08 8.98449e-08 2.44676e-07 4.78266e-07 7.91674e-07 1.18616e-06 1.66269e-06 2.22119e-06 2.86028e-06 3.57709e-06 4.36672e-06 5.22147e-06 6.12988e-06 7.07634e-06 8.04127e-06 9.00129e-06 9.92952e-06 1.07955e-05 1.15642e-05 1.21948e-05 1.26443e-05 1.28725e-05 1.28475e-05 1.25547e-05 1.20091e-05 1.12568e-05 1.03608e-05 9.38373e-06 8.3792e-06 7.38961e-06 6.44525e-06 5.56549e-06 4.76183e-06 4.04021e-06 3.40226e-06 2.84628e-06 2.36797e-06 1.96129e-06 1.61915e-06 1.33409e-06 1.09867e-06 9.05817e-07 7.48943e-07 6.22049e-07 5.19864e-07 4.37831e-07 3.7205e-07 3.19258e-07 2.76758e-07 2.42322e-07 
1.02387e-08 7.16672e-08 1.94824e-07 3.80932e-07 6.31812e-07 9.49362e-07 1.33561e-06 1.79221e-06 2.31963e-06 2.91713e-06 3.58268e-06 4.3122e-06 5.09892e-06 5.93271e-06 6.79955e-06 7.68151e-06 8.55716e-06 9.4018e-06 1.01876e-05 1.08824e-05 1.14493e-05 1.18491e-05 1.20454e-05 1.20091e-05 1.17271e-05 1.12132e-05 1.05096e-05 9.67394e-06 8.76369e-06 7.82832e-06 6.90696e-06 6.02764e-06 5.2083e-06 4.45966e-06 3.78726e-06 3.19268e-06 2.67437e-06 2.22837e-06 1.84904e-06 1.52976e-06 1.26353e-06 1.04347e-06 8.62992e-07 7.15996e-07 5.96931e-07 5.00883e-07 4.23598e-07 3.61447e-07 3.11393e-07 2.70918e-07 
8.04094e-09 5.64163e-08 1.53742e-07 3.0113e-07 5.00486e-07 7.5432e-07 1.06512e-06 1.43521e-06 1.86662e-06 2.36041e-06 2.9163e-06 3.53271e-06 4.20625e-06 4.9309e-06 5.6974e-06 6.49282e-06 7.30066e-06 8.10118e-06 8.87173e-06 9.58682e-06 1.02171e-05 1.0729e-05 1.10866e-05 1.12568e-05 1.12132e-05 1.0944e-05 1.04617e-05 9.80492e-06 9.0267e-06 8.17981e-06 7.30979e-06 6.45275e-06 5.6346e-06 4.87205e-06 4.17511e-06 3.54901e-06 2.99525e-06 2.51239e-06 2.09674e-06 1.74302e-06 1.44509e-06 1.19648e-06 9.90787e-07 8.21943e-07 6.84258e-07 5.72554e-07 4.82268e-07 4.09436e-07 3.50679e-07 3.03178e-07 
6.25102e-09 4.39414e-08 1.20121e-07 2.36103e-07 3.93704e-07 5.95305e-07 8.43605e-07 1.14141e-06 1.49147e-06 1.89602e-06 2.35634e-06 2.87254e-06 3.44337e-06 4.06568e-06 4.73392e-06 5.43947e-06 6.17041e-06 6.91156e-06 7.64481e-06 8.34939e-06 9.00192e-06 9.57553e-06 1.00393e-05 1.03608e-05 1.05096e-05 1.04617e-05 1.02061e-05 9.75473e-06 9.14285e-06 8.41902e-06 7.63179e-06 6.8231e-06 6.02634e-06 5.26553e-06 4.55625e-06 3.90785e-06 3.32519e-06 2.80969e-06 2.35998e-06 1.97265e-06 1.64284e-06 1.36487e-06 1.13277e-06 9.40579e-07 7.82644e-07 6.53679e-07 5.48868e-07 4.63961e-07 3.95283e-07 3.39702e-07 
4.85386e-09 3.40912e-08 9.32618e-08 1.83859e-07 3.0772e-07 4.66875e-07 6.63989e-07 9.02136e-07 1.18425e-06 1.51312e-06 1.89118e-06 2.31982e-06 2.79915e-06 3.32796e-06 3.90328e-06 4.51989e-06 5.16991e-06 5.84237e-06 6.52336e-06 7.19622e-06 7.84182e-06 8.43862e-06 8.96201e-06 9.38373e-06 9.67394e-06 9.80492e-06 9.75473e-06 9.51354e-06 9.09202e-06 8.52263e-06 7.8499e-06 7.11851e-06 6.36719e-06 5.62683e-06 4.91972e-06 4.26031e-06 3.65728e-06 3.11518e-06 2.63533e-06 2.21653e-06 1.85565e-06 1.54821e-06 1.28895e-06 1.07229e-06 8.92729e-07 7.44989e-07 6.2416e-07 5.25775e-07 4.45895e-07 3.8112e-07 
3.73942e-09 2.63449e-08 7.22671e-08 1.42664e-07 2.3921e-07 3.64121e-07 5.19884e-07 7.09243e-07 9.35259e-07 1.20101e-06 1.50927e-06 1.86226e-06 2.26122e-06 2.70621e-06 3.19604e-06 3.72798e-06 4.29727e-06 4.89665e-06 5.51606e-06 6.14263e-06 6.761e-06 7.35356e-06 7.90051e-06 8.3792e-06 8.76369e-06 9.0267e-06 9.14285e-06 9.09202e-06 8.86519e-06 8.47214e-06 7.94268e-06 7.31777e-06 6.63858e-06 5.94088e-06 5.25321e-06 4.59619e-06 3.98324e-06 3.42246e-06 2.91813e-06 2.47153e-06 2.0816e-06 1.74545e-06 1.45891e-06 1.2171e-06 1.01487e-06 8.47069e-07 7.08828e-07 5.95592e-07 5.03224e-07 4.28081e-07 
2.9086e-09 2.04493e-08 5.59703e-08 1.10411e-07 1.85361e-07 2.8293e-07 4.05424e-07 5.55373e-07 7.35676e-07 9.4934e-07 1.19917e-06 1.48768e-06 1.81687e-06 2.18785e-06 2.6007e-06 3.05436e-06 3.54636e-06 4.07231e-06 4.62548e-06 5.19656e-06 5.77372e-06 6.3428e-06 6.88751e-06 7.38961e-06 7.82832e-06 8.17981e-06 8.41902e-06 8.52263e-06 8.47214e-06 8.25933e-06 7.89322e-06 7.40121e-06 6.82101e-06 6.19053e-06 5.54277e-06 4.9041e-06 4.29364e-06 3.7239e-06 3.20246e-06 2.73334e-06 2.31777e-06 1.95477e-06 1.64166e-06 1.3746e-06 1.14906e-06 9.60248e-07 8.0342e-07 6.74056e-07 5.6794e-07 4.81238e-07 
2.25669e-09 1.5811e-08 4.31876e-08 8.53055e-08 1.43556e-07 2.19598e-07 3.15587e-07 4.34038e-07 5.77477e-07 7.4853e-07 9.49925e-07 1.18421e-06 1.45367e-06 1.76019e-06 2.10485e-06 2.48779e-06 2.90805e-06 3.3633e-06 3.84945e-06 4.36033e-06 4.88735e-06 5.41955e-06 5.94384e-06 6.44525e-06 6.90696e-06 7.30979e-06 7.63179e-06 7.8499e-06 7.94268e-06 7.89322e-06 7.69399e-06 7.3533e-06 6.89634e-06 6.35777e-06 5.77254e-06 5.17112e-06 4.57795e-06 4.01078e-06 3.48126e-06 2.99646e-06 2.56014e-06 2.17346e-06 1.83553e-06 1.54387e-06 1.29494e-06 1.08454e-06 9.08253e-07 7.61683e-07 6.4064e-07 5.41205e-07 
1.69922e-09 1.20347e-08 3.32424e-08 6.60338e-08 1.11374e-07 1.70759e-07 2.4611e-07 3.39571e-07 4.53402e-07 5.89909e-07 7.51485e-07 9.40615e-07 1.1597e-06 1.41093e-06 1.69609e-06 2.01623e-06 2.37143e-06 2.76078e-06 3.18216e-06 3.63181e-06 4.10396e-06 4.59068e-06 5.08188e-06 5.56549e-06 6.02764e-06 6.45275e-06 6.8231e-06 7.11851e-06 7.31777e-06 7.40121e-06 7.3533e-06 7.16711e-06 6.85026e-06 6.42589e-06 5.92594e-06 5.38266e-06 4.82425e-06 4.27336e-06 3.74646e-06 3.25435e-06 2.80363e-06 2.39781e-06 2.03799e-06 1.72336e-06 1.45166e-06 1.21961e-06 1.02335e-06 8.58768e-07 7.21792e-07 6.08516e-07 
1.32615e-09 9.37627e-09 2.58618e-08 5.13965e-08 8.68925e-08 1.33624e-07 1.93076e-07 2.66927e-07 3.5712e-07 4.6572e-07 5.94843e-07 7.46767e-07 9.23862e-07 1.12841e-06 1.36246e-06 1.62766e-06 1.92492e-06 2.25439e-06 2.61523e-06 3.00542e-06 3.42148e-06 3.85813e-06 4.30803e-06 4.76183e-06 5.2083e-06 5.6346e-06 6.02634e-06 6.36719e-06 6.63858e-06 6.82101e-06 6.89634e-06 6.85026e-06 6.67637e-06 6.38169e-06 5.98755e-06 5.52341e-06 5.01909e-06 4.50065e-06 3.98903e-06 3.49951e-06 3.04215e-06 2.62308e-06 2.24559e-06 1.91074e-06 1.61779e-06 1.36469e-06 1.14839e-06 9.6532e-07 8.11651e-07 6.83585e-07 
1.07762e-09 7.51457e-09 2.04644e-08 4.05333e-08 6.86747e-08 1.0581e-07 1.52997e-07 2.11575e-07 2.83071e-07 3.69261e-07 4.72128e-07 5.93721e-07 7.36203e-07 9.01812e-07 1.09263e-06 1.31052e-06 1.55705e-06 1.8331e-06 2.13875e-06 2.47323e-06 2.83471e-06 3.21997e-06 3.62408e-06 4.04021e-06 4.45966e-06 4.87205e-06 5.26553e-06 5.62683e-06 5.94088e-06 6.19053e-06 6.35777e-06 6.42589e-06 6.38169e-06 6.21931e-06 5.94525e-06 5.57921e-06 5.14834e-06 4.68017e-06 4.19878e-06 3.7236e-06 3.26877e-06 2.84365e-06 2.45396e-06 2.1028e-06 1.79118e-06 1.51844e-06 1.28267e-06 1.08103e-06 9.10207e-07 7.6664e-07 
8.38557e-10 5.94685e-09 1.64586e-08 3.27738e-08 5.54347e-08 8.51984e-08 1.22924e-07 1.6958e-07 2.26387e-07 2.94835e-07 3.76648e-07 4.73721e-07 5.87998e-07 7.21453e-07 8.76123e-07 1.05399e-06 1.25682e-06 1.48599e-06 1.74233e-06 2.02597e-06 2.33619e-06 2.67127e-06 3.02816e-06 3.40226e-06 3.78726e-06 4.17511e-06 4.55625e-06 4.91972e-06 5.25321e-06 5.54277e-06 5.77254e-06 5.92594e-06 5.98755e-06 5.94525e-06 5.7937e-06 5.53888e-06 5.19891e-06 4.79888e-06 4.3642e-06 3.91716e-06 3.47573e-06 3.05308e-06 2.65789e-06 2.29553e-06 1.96887e-06 1.67886e-06 1.42491e-06 1.20522e-06 1.01717e-06 8.57682e-07 
6.927e-10 4.93434e-09 1.37047e-08 2.72575e-08 4.5853e-08 6.9987e-08 1.00338e-07 1.37694e-07 1.83041e-07 2.37589e-07 3.02768e-07 3.80216e-07 4.71652e-07 5.78847e-07 7.03694e-07 8.48106e-07 1.01387e-06 1.20261e-06 1.41568e-06 1.65386e-06 1.9172e-06 2.20502e-06 2.51565e-06 2.84628e-06 3.19268e-06 3.54901e-06 3.90785e-06 4.26031e-06 4.59619e-06 4.9041e-06 5.17112e-06 5.38266e-06 5.52341e-06 5.57921e-06 5.53888e-06 5.39747e-06 5.1605e-06 4.8447e-06 4.47322e-06 4.06955e-06 3.65433e-06 3.24422e-06 2.85144e-06 2.48407e-06 2.1471e-06 1.8432e-06 1.57325e-06 1.3367e-06 1.1319e-06 9.56447e-07 
6.36918e-10 4.41217e-09 1.18879e-08 2.32277e-08 3.87072e-08 5.85525e-08 8.31949e-08 1.13343e-07 1.49809e-07 1.93557e-07 2.45744e-07 3.07654e-07 3.80765e-07 4.66738e-07 5.67247e-07 6.83993e-07 8.18757e-07 9.7325e-07 1.14899e-06 1.3472e-06 1.56853e-06 1.81301e-06 2.07999e-06 2.36797e-06 2.67437e-06 2.99525e-06 3.32519e-06 3.65728e-06 3.98324e-06 4.29364e-06 4.57795e-06 4.82425e-06 5.01909e-06 5.14834e-06 5.19891e-06 5.1605e-06 5.02853e-06 4.80812e-06 4.5147e-06 4.16965e-06 3.79471e-06 3.40901e-06 3.02797e-06 2.66293e-06 2.32138e-06 2.00795e-06 1.72513e-06 1.47376e-06 1.25334e-06 1.06236e-06 
5.51404e-10 3.84728e-09 1.03785e-08 2.00883e-08 3.30673e-08 4.95634e-08 6.9897e-08 9.45374e-08 1.24175e-07 1.59598e-07 2.01656e-07 2.51381e-07 3.10033e-07 3.79012e-07 4.59801e-07 5.53963e-07 6.6314e-07 7.88989e-07 9.33061e-07 1.09672e-06 1.28103e-06 1.48664e-06 1.71358e-06 1.96129e-06 2.22837e-06 2.51239e-06 2.80969e-06 3.11518e-06 3.42246e-06 3.7239e-06 4.01078e-06 4.27336e-06 4.50065e-06 4.68017e-06 4.79888e-06 4.8447e-06 4.80812e-06 4.68493e-06 4.47985e-06 4.20716e-06 3.88662e-06 3.53834e-06 3.18001e-06 2.82593e-06 2.48659e-06 2.16895e-06 1.87731e-06 1.61402e-06 1.37988e-06 1.17445e-06 
4.63077e-10 3.26435e-09 8.89488e-09 1.72615e-08 2.83068e-08 4.22035e-08 5.92423e-08 7.97595e-08 1.04218e-07 1.332e-07 1.67398e-07 2.07675e-07 2.55019e-07 3.10537e-07 3.75536e-07 4.51457e-07 5.3976e-07 6.4193e-07 7.59455e-07 8.93734e-07 1.04604e-06 1.2174e-06 1.40842e-06 1.61915e-06 1.84904e-06 2.09674e-06 2.35998e-06 2.63533e-06 2.91813e-06 3.20246e-06 3.48126e-06 3.74646e-06 3.98903e-06 4.19878e-06 4.3642e-06 4.47322e-06 4.5147e-06 4.47985e-06 4.36482e-06 4.17398e-06 3.92053e-06 3.62271e-06 3.29914e-06 2.96615e-06 2.63701e-06 2.32144e-06 2.02593e-06 1.7545e-06 1.50935e-06 1.29125e-06 
4.01222e-10 2.77988e-09 7.48487e-09 1.45683e-08 2.40726e-08 3.59948e-08 5.0504e-08 6.78894e-08 8.84045e-08 1.12439e-07 1.40606e-07 1.73581e-07 2.12099e-07 2.57086e-07 3.09637e-07 3.70971e-07 4.42385e-07 5.25185e-07 6.20713e-07 7.3036e-07 8.5546e-07 9.97208e-07 1.15657e-06 1.33409e-06 1.52976e-06 1.74302e-06 1.97265e-06 2.21653e-06 2.47153e-06 2.73334e-06 2.99646e-06 3.25435e-06 3.49951e-06 3.7236e-06 3.91716e-06 4.06955e-06 4.16965e-06 4.20716e-06 4.17398e-06 4.06657e-06 3.88896e-06 3.65332e-06 3.37653e-06 3.07578e-06 2.76622e-06 2.46015e-06 2.16661e-06 1.89165e-06 1.63901e-06 1.41076e-06 
3.22384e-10 2.26998e-09 6.21206e-09 1.22077e-08 2.03369e-08 3.06748e-08 4.32533e-08 5.81512e-08 7.55917e-08 9.58983e-08 1.19456e-07 1.46764e-07 1.78454e-07 2.15282e-07 2.58111e-07 3.07914e-07 3.65772e-07 4.32852e-07 5.10379e-07 5.99637e-07 7.01937e-07 8.18523e-07 9.50485e-07 1.09867e-06 1.26353e-06 1.44509e-06 1.64284e-06 1.85565e-06 2.0816e-06 2.31777e-06 2.56014e-06 2.80363e-06 3.04215e-06 3.26877e-06 3.47573e-06 3.65433e-06 3.79471e-06 3.88662e-06 3.92053e-06 3.88896e-06 3.78863e-06 3.62324e-06 3.40405e-06 3.14667e-06 2.86701e-06 2.57914e-06 2.29447e-06 2.0214e-06 1.76556e-06 1.53042e-06 
2.62814e-10 1.87228e-09 5.19036e-09 1.0292e-08 1.7266e-08 2.62156e-08 3.71415e-08 5.00457e-08 6.50935e-08 8.2509e-08 1.02515e-07 1.25478e-07 1.51928e-07 1.82457e-07 2.17718e-07 2.58461e-07 3.05554e-07 3.6001e-07 4.22952e-07 4.95541e-07 5.78976e-07 6.74452e-07 7.83073e-07 9.05817e-07 1.04347e-06 1.19648e-06 1.36487e-06 1.54821e-06 1.74545e-06 1.95477e-06 2.17346e-06 2.39781e-06 2.62308e-06 2.84365e-06 3.05308e-06 3.24422e-06 3.40901e-06 3.53834e-06 3.62271e-06 3.65332e-06 3.62324e-06 3.52941e-06 3.37529e-06 3.17129e-06 2.93186e-06 2.67177e-06 2.40404e-06 2.13927e-06 1.88525e-06 1.6472e-06 
2.37264e-10 1.64803e-09 4.47912e-09 8.86114e-09 1.49002e-08 2.25971e-08 3.20227e-08 4.32943e-08 5.64378e-08 7.15187e-08 8.87538e-08 1.08423e-07 1.30864e-07 1.56517e-07 1.85877e-07 2.19514e-07 2.58138e-07 3.02594e-07 3.53844e-07 4.12937e-07 4.80931e-07 5.58887e-07 6.47882e-07 7.48943e-07 8.62992e-07 9.90787e-07 1.13277e-06 1.28895e-06 1.45891e-06 1.64166e-06 1.83553e-06 2.03799e-06 2.24559e-06 2.45396e-06 2.65789e-06 2.85144e-06 3.02797e-06 3.18001e-06 3.29914e-06 3.37653e-06 3.40405e-06 3.37529e-06 3.28746e-06 3.14376e-06 2.95383e-06 2.73108e-06 2.48916e-06 2.24017e-06 1.9939e-06 1.75763e-06 
2.05788e-10 1.4576e-09 4.00971e-09 7.87911e-09 1.30815e-08 1.97125e-08 2.79075e-08 3.77447e-08 4.92444e-08 6.24553e-08 7.75153e-08 9.46186e-08 1.13971e-07 1.3583e-07 1.60565e-07 1.8865e-07 2.20655e-07 2.57261e-07 2.99257e-07 3.47515e-07 4.02954e-07 4.66526e-07 5.39219e-07 6.22049e-07 7.15996e-07 8.21943e-07 9.40579e-07 1.07229e-06 1.2171e-06 1.3746e-06 1.54387e-06 1.72336e-06 1.91074e-06 2.1028e-06 2.29553e-06 2.48407e-06 2.66293e-06 2.82593e-06 2.96615e-06 3.07578e-06 3.14667e-06 3.17129e-06 3.14376e-06 3.06149e-06 2.92748e-06 2.75065e-06 2.5434e-06 2.3184e-06 2.08684e-06 1.85784e-06 
1.92274e-10 1.35392e-09 3.67347e-09 7.0969e-09 1.16521e-08 1.74842e-08 2.46772e-08 3.3259e-08 4.33338e-08 5.50098e-08 6.83311e-08 8.33698e-08 1.00249e-07 1.19121e-07 1.40244e-07 1.64001e-07 1.9085e-07 2.21328e-07 2.56042e-07 2.95668e-07 3.40985e-07 3.92849e-07 4.52159e-07 5.19864e-07 5.96931e-07 6.84258e-07 7.82644e-07 8.92729e-07 1.01487e-06 1.14906e-06 1.29494e-06 1.45166e-06 1.61779e-06 1.79118e-06 1.96887e-06 2.1471e-06 2.32138e-06 2.48659e-06 2.63701e-06 2.76622e-06 2.86701e-06 2.93186e-06 2.95383e-06 2.92748e-06 2.85044e-06 2.72547e-06 2.56084e-06 2.36804e-06 2.1588e-06 1.94352e-06 
1.86466e-10 1.26295e-09 3.31469e-09 6.37241e-09 1.05264e-08 1.57695e-08 2.21188e-08 2.9694e-08 3.86177e-08 4.89795e-08 6.08256e-08 7.41467e-08 8.89766e-08 1.0545e-07 1.23753e-07 1.44144e-07 1.66981e-07 1.92665e-07 2.21635e-07 2.54422e-07 2.9166e-07 3.34084e-07 3.82521e-07 4.37831e-07 5.00883e-07 5.72554e-07 6.53679e-07 7.44989e-07 8.47069e-07 9.60248e-07 1.08454e-06 1.21961e-06 1.36469e-06 1.51844e-06 1.67886e-06 1.8432e-06 2.00795e-06 2.16895e-06 2.32144e-06 2.46015e-06 2.57914e-06 2.67177e-06 2.73108e-06 2.75065e-06 2.72547e-06 2.65333e-06 2.53682e-06 2.38359e-06 2.20428e-06 2.00979e-06 
1.46735e-10 1.04808e-09 2.91812e-09 5.78575e-09 9.60821e-09 1.43573e-08 2.00898e-08 2.69162e-08 3.49294e-08 4.41832e-08 5.47096e-08 6.65247e-08 7.96516e-08 9.417e-08 1.10225e-07 1.27993e-07 1.47687e-07 1.69579e-07 1.94007e-07 2.21384e-07 2.52218e-07 2.87127e-07 3.26819e-07 3.7205e-07 4.23598e-07 4.82268e-07 5.48868e-07 6.2416e-07 7.08828e-07 8.0342e-07 9.08253e-07 1.02335e-06 1.14839e-06 1.28267e-06 1.42491e-06 1.57325e-06 1.72513e-06 1.87731e-06 2.02593e-06 2.16661e-06 2.29447e-06 2.40404e-06 2.48916e-06 2.5434e-06 2.56084e-06 2.53682e-06 2.46934e-06 2.36077e-06 2.21823e-06 2.05158e-06 
1.29162e-10 9.45271e-10 2.68138e-09 5.3254e-09 8.80975e-09 1.31749e-08 1.84883e-08 2.47707e-08 3.20527e-08 4.03655e-08 4.97347e-08 6.02249e-08 7.19045e-08 8.48203e-08 9.90524e-08 1.14707e-07 1.31889e-07 1.5076e-07 1.71578e-07 1.94673e-07 2.20459e-07 2.49432e-07 2.82153e-07 3.19258e-07 3.61447e-07 4.09436e-07 4.63961e-07 5.25775e-07 5.95592e-07 6.74056e-07 7.61683e-07 8.58768e-07 9.6532e-07 1.08103e-06 1.20522e-06 1.3367e-06 1.47376e-06 1.61402e-06 1.7545e-06 1.89165e-06 2.0214e-06 2.13927e-06 2.24017e-06 2.3184e-06 2.36804e-06 2.38359e-06 2.36077e-06 2.29773e-06 2.19668e-06 2.06418e-06 
1.48306e-10 9.96451e-10 2.58598e-09 4.93322e-09 8.14378e-09 1.22476e-08 1.72297e-08 2.30753e-08 2.97506e-08 3.7258e-08 4.56632e-08 5.50441e-08 6.54833e-08 7.70525e-08 8.97698e-08 1.03649e-07 1.18756e-07 1.35196e-07 1.53136e-07 1.72846e-07 1.94657e-07 2.1894e-07 2.46135e-07 2.76758e-07 3.11393e-07 3.50679e-07 3.95283e-07 4.45895e-07 5.03224e-07 5.6794e-07 6.4064e-07 7.21792e-07 8.11651e-07 9.10207e-07 1.01717e-06 1.1319e-06 1.25334e-06 1.37988e-06 1.50935e-06 1.63901e-06 1.76556e-06 1.88525e-06 1.9939e-06 2.08684e-06 2.1588e-06 2.20428e-06 2.21823e-06 2.19668e-06 2.1379e-06 2.04391e-06 
1.31549e-10 9.04453e-10 2.40504e-09 4.63986e-09 7.67767e-09 1.15555e-08 1.6237e-08 2.16622e-08 2.77979e-08 3.46551e-08 4.22877e-08 5.07749e-08 6.01936e-08 7.05923e-08 8.19762e-08 9.43335e-08 1.07688e-07 1.22123e-07 1.37766e-07 1.54798e-07 1.73456e-07 1.94026e-07 2.16848e-07 2.42322e-07 2.70918e-07 3.03178e-07 3.39702e-07 3.8112e-07 4.28081e-07 4.81238e-07 5.41205e-07 6.08516e-07 6.83585e-07 7.6664e-07 8.57682e-07 9.56447e-07 1.06236e-06 1.17445e-06 1.29125e-06 1.41076e-06 1.53042e-06 1.6472e-06 1.75763e-06 1.85784e-06 1.94352e-06 2.00979e-06 2.05158e-06 2.06418e-06 2.04391e-06 1.98914e-06 
}
double dx 2
bool fixed_width_bins true
int l 2
int m 2
int ndata 50
string particle1 pi+
string particle2 pi+
bool realpart true
bool spherical_harmonic true
double xoffset 1
vector_double y_datablock {
-0.000974311
-0.00613574
-0.0139099
-0.0217934
-0.0287084
-0.0342024
-0.0378439
-0.039543
-0.0396115
-0.0384121
-0.036224
-0.0332981
-0.0298724
-0.0261812
-0.022456
-0.0188951
-0.0156437
-0.0127821
-0.0103233
-0.00824432
-0.00651
-0.00507519
-0.00389623
-0.00293937
-0.00217311
-0.00156847
-0.00110246
-0.000752886
-0.00049797
-0.000318076
-0.000193797
-0.000109541
-5.53534e-05
-2.2e-05
-2.13236e-06
7.46855e-06
1.05594e-05
1.15028e-05
1.16227e-05
1.11083e-05
1.00712e-05
7.52703e-06
3.54901e-06
-6.63748e-07
-4.80533e-06
-8.45197e-06
-1.13342e-05
-1.44976e-05
-1.79829e-05
-2.07209e-05
}