
bool bigQ false
matrix_double covmtx_datablock {
1.61064e-08 9.54869e-08 1.96832e-07 2.83411e-07 3.60103e-07 4.28181e-07 4.73781e-07 4.92111e-07 4.88991e-07 4.6842e-07 4.33296e-07 3.88117e-07 3.36919e-07 2.83659e-07 2.32367e-07 1.85555e-07 1.44706e-07 1.10708e-07 8.31997e-08 6.143e-08 4.49147e-08 3.27376e-08 2.38131e-08 1.74538e-08 1.29938e-08 9.79867e-09 7.52632e-09 5.88742e-09 4.65407e-09 3.73905e-09 2.99349e-09 2.34366e-09 1.86944e-09 1.51439e-09 1.2004e-09 1.00584e-09 9.04512e-10 7.95539e-10 7.17882e-10 6.73941e-10 5.95586e-10 5.23017e-10 4.91464e-10 4.63236e-10 4.44149e-10 4.28761e-10 3.89545e-10 3.64278e-10 3.59018e-10 3.27259e-10 
9.54869e-08 5.8173e-07 1.25372e-06 1.88141e-06 2.43694e-06 2.9085e-06 3.229e-06 3.37042e-06 3.35963e-06 3.22489e-06 2.98956e-06 2.68275e-06 2.33323e-06 1.96899e-06 1.61639e-06 1.29352e-06 1.0113e-06 7.75142e-07 5.83513e-07 4.31995e-07 3.16451e-07 2.30802e-07 1.68162e-07 1.23331e-07 9.16949e-08 6.91552e-08 5.30637e-08 4.14266e-08 3.2765e-08 2.62359e-08 2.09572e-08 1.65233e-08 1.316e-08 1.05968e-08 8.50155e-09 7.12351e-09 6.30557e-09 5.59242e-09 5.056e-09 4.66999e-09 4.1666e-09 3.69948e-09 3.43573e-09 3.24729e-09 3.10942e-09 2.96823e-09 2.73692e-09 2.56977e-09 2.47966e-09 2.28301e-09 
1.96832e-07 1.25372e-06 2.89383e-06 4.61865e-06 6.17552e-06 7.44642e-06 8.32625e-06 8.7634e-06 8.78984e-06 8.47415e-06 7.88746e-06 7.10413e-06 6.2019e-06 5.25621e-06 4.33314e-06 3.48239e-06 2.73491e-06 2.1043e-06 1.58978e-06 1.18232e-06 8.69285e-07 6.3532e-07 4.64027e-07 3.40711e-07 2.52986e-07 1.9065e-07 1.46031e-07 1.13701e-07 8.98157e-08 7.15912e-08 5.70692e-08 4.53201e-08 3.60717e-08 2.89177e-08 2.34861e-08 1.96775e-08 1.71283e-08 1.52643e-08 1.38003e-08 1.25421e-08 1.12941e-08 1.01635e-08 9.35291e-09 8.82571e-09 8.41088e-09 7.9568e-09 7.45266e-09 7.01697e-09 6.62861e-09 6.16124e-09 
2.83411e-07 1.88141e-06 4.61865e-06 7.80181e-06 1.08138e-05 1.32816e-05 1.503e-05 1.59909e-05 1.61856e-05 1.57145e-05 1.47141e-05 1.33279e-05 1.17026e-05 9.9788e-06 8.27834e-06 6.69556e-06 5.29174e-06 4.09582e-06 3.11219e-06 2.32833e-06 1.72113e-06 1.26299e-06 9.25248e-07 6.80462e-07 5.05019e-07 3.79908e-07 2.90289e-07 2.25333e-07 1.77331e-07 1.40744e-07 1.12071e-07 8.93001e-08 7.11941e-08 5.71375e-08 4.6672e-08 3.90873e-08 3.37113e-08 2.99076e-08 2.69242e-08 2.43009e-08 2.19724e-08 1.99595e-08 1.83561e-08 1.71995e-08 1.62669e-08 1.53666e-08 1.45013e-08 1.36492e-08 1.27805e-08 1.19145e-08 
3.60103e-07 2.43694e-06 6.17552e-06 1.08138e-05 1.5475e-05 1.94657e-05 2.2406e-05 2.41598e-05 2.47357e-05 2.42488e-05 2.28926e-05 2.08959e-05 1.84896e-05 1.58916e-05 1.32923e-05 1.08407e-05 8.63793e-06 6.73918e-06 5.16058e-06 3.88955e-06 2.8951e-06 2.13686e-06 1.57181e-06 1.15854e-06 8.60047e-07 6.45799e-07 4.91945e-07 3.80368e-07 2.97884e-07 2.35496e-07 1.87254e-07 1.49319e-07 1.19416e-07 9.623e-08 7.87389e-08 6.58788e-08 5.65562e-08 4.97222e-08 4.44383e-08 4.00395e-08 3.62615e-08 3.30875e-08 3.04898e-08 2.8381e-08 2.666e-08 2.51823e-08 2.37803e-08 2.23629e-08 2.093e-08 1.94911e-08 
4.28181e-07 2.9085e-06 7.44642e-06 1.32816e-05 1.94657e-05 2.50805e-05 2.94628e-05 3.22919e-05 3.35162e-05 3.32517e-05 3.17282e-05 2.9247e-05 2.61293e-05 2.26782e-05 1.91587e-05 1.57831e-05 1.27025e-05 1.0008e-05 7.737e-06 5.88434e-06 4.41652e-06 3.28345e-06 2.42846e-06 1.79571e-06 1.33427e-06 1.00059e-06 7.59673e-07 5.84603e-07 4.55556e-07 3.58661e-07 2.84493e-07 2.2688e-07 1.81961e-07 1.47167e-07 1.20615e-07 1.00774e-07 8.6093e-08 7.50785e-08 6.66023e-08 5.98467e-08 5.42577e-08 4.95842e-08 4.56777e-08 4.23945e-08 3.96582e-08 3.73326e-08 3.51899e-08 3.3089e-08 3.09784e-08 2.88124e-08 
4.73781e-07 3.229e-06 8.32625e-06 1.503e-05 2.2406e-05 2.94628e-05 3.5334e-05 3.94525e-05 4.16067e-05 4.18644e-05 4.04658e-05 3.77546e-05 3.41238e-05 2.99603e-05 2.56065e-05 2.13429e-05 1.73791e-05 1.38512e-05 1.08281e-05 8.32299e-06 6.3081e-06 4.72991e-06 3.52228e-06 2.61643e-06 1.94783e-06 1.45977e-06 1.10495e-06 8.46324e-07 6.56138e-07 5.14237e-07 4.06674e-07 3.24149e-07 2.60382e-07 2.11106e-07 1.73307e-07 1.4458e-07 1.22882e-07 1.06457e-07 9.38416e-08 8.39626e-08 7.60381e-08 6.94641e-08 6.3911e-08 5.9235e-08 5.52563e-08 5.1789e-08 4.86799e-08 4.57353e-08 4.27869e-08 3.97497e-08 
4.92111e-07 3.37042e-06 8.7634e-06 1.59909e-05 2.41598e-05 3.22919e-05 3.94525e-05 4.48965e-05 4.82006e-05 4.92925e-05 4.8366e-05 4.57716e-05 4.19383e-05 3.73145e-05 3.23164e-05 2.72944e-05 2.25206e-05 1.81844e-05 1.43967e-05 1.12001e-05 8.58383e-06 6.50013e-06 4.88017e-06 3.64681e-06 2.72387e-06 2.04211e-06 1.54235e-06 1.17652e-06 9.07509e-07 7.07844e-07 5.57898e-07 4.43984e-07 3.56702e-07 2.89547e-07 2.37855e-07 1.98136e-07 1.67715e-07 1.44468e-07 1.26632e-07 1.12764e-07 1.01746e-07 9.27598e-08 8.52501e-08 7.88715e-08 7.33762e-08 6.8556e-08 6.42272e-08 6.01887e-08 5.6219e-08 5.21506e-08 
4.88991e-07 3.35963e-06 8.78984e-06 1.61856e-05 2.47357e-05 3.35162e-05 4.16067e-05 4.82006e-05 5.27163e-05 5.48899e-05 5.47818e-05 5.26886e-05 4.90343e-05 4.4293e-05 3.8933e-05 3.33693e-05 2.79374e-05 2.28853e-05 1.83742e-05 1.44872e-05 1.12424e-05 8.60919e-06 6.52544e-06 4.9124e-06 3.68676e-06 2.7692e-06 2.08956e-06 1.5889e-06 1.22007e-06 9.47137e-07 7.43557e-07 5.90199e-07 4.73608e-07 3.84311e-07 3.15537e-07 2.62442e-07 2.21462e-07 1.89877e-07 1.65537e-07 1.46626e-07 1.31679e-07 1.19641e-07 1.09712e-07 1.01283e-07 9.39885e-08 8.7575e-08 8.17813e-08 7.63755e-08 7.11403e-08 6.58982e-08 
4.6842e-07 3.22489e-06 8.47415e-06 1.57145e-05 2.42488e-05 3.32517e-05 4.18644e-05 4.92925e-05 5.48899e-05 5.82407e-05 5.92215e-05 5.79932e-05 5.49165e-05 5.04507e-05 4.50808e-05 3.9266e-05 3.34003e-05 2.77909e-05 2.26553e-05 1.81258e-05 1.42604e-05 1.10577e-05 8.473e-06 6.4351e-06 4.86041e-06 3.66398e-06 2.76678e-06 2.10004e-06 1.60684e-06 1.24191e-06 9.70737e-07 7.67805e-07 6.14562e-07 4.97758e-07 4.08042e-07 3.38751e-07 2.85086e-07 2.43492e-07 2.112e-07 1.86025e-07 1.6622e-07 1.50366e-07 1.37381e-07 1.26481e-07 1.1708e-07 1.0877e-07 1.01246e-07 9.42209e-08 8.74881e-08 8.09417e-08 
4.33296e-07 2.98956e-06 7.88746e-06 1.47141e-05 2.28926e-05 3.17282e-05 4.04658e-05 4.8366e-05 5.47818e-05 5.92215e-05 6.14071e-05 6.13188e-05 5.91809e-05 5.53825e-05 5.03867e-05 4.46644e-05 3.86486e-05 3.27011e-05 2.70969e-05 2.20232e-05 1.75867e-05 1.38256e-05 1.07241e-05 8.22916e-06 6.26552e-06 4.74883e-06 3.59547e-06 2.72896e-06 2.08334e-06 1.60421e-06 1.24849e-06 9.83265e-07 7.84053e-07 6.33065e-07 5.17603e-07 4.28655e-07 3.59752e-07 3.06155e-07 2.64328e-07 2.31587e-07 2.05801e-07 1.85224e-07 1.68482e-07 1.54544e-07 1.42613e-07 1.32082e-07 1.22523e-07 1.13646e-07 1.05266e-07 9.72711e-08 
3.88117e-07 2.68275e-06 7.10413e-06 1.33279e-05 2.08959e-05 2.9247e-05 3.77546e-05 4.57716e-05 5.26886e-05 5.79932e-05 6.13188e-05 6.24899e-05 6.15536e-05 5.87643e-05 5.45128e-05 4.92449e-05 4.3403e-05 3.7386e-05 3.15211e-05 2.60516e-05 2.11383e-05 1.6867e-05 1.32611e-05 1.02964e-05 7.91573e-06 6.04329e-06 4.59678e-06 3.49575e-06 2.66716e-06 2.04837e-06 1.58786e-06 1.24478e-06 9.88003e-07 7.94409e-07 6.47168e-07 5.34208e-07 4.46868e-07 3.7889e-07 3.25727e-07 2.83961e-07 2.50942e-07 2.24606e-07 2.03284e-07 1.85629e-07 1.70613e-07 1.57449e-07 1.45565e-07 1.34634e-07 1.24457e-07 1.14877e-07 
3.36919e-07 2.33323e-06 6.2019e-06 1.17026e-05 1.84896e-05 2.61293e-05 3.41238e-05 4.19383e-05 4.90343e-05 5.49165e-05 5.91809e-05 6.15536e-05 6.19272e-05 6.03862e-05 5.71915e-05 5.27184e-05 4.73845e-05 4.15979e-05 3.57219e-05 3.00507e-05 2.47995e-05 2.01068e-05 1.6043e-05 1.26216e-05 9.81341e-06 7.56052e-06 5.78908e-06 4.42004e-06 3.3769e-06 2.59055e-06 2.0019e-06 1.56247e-06 1.23399e-06 9.87255e-07 8.00575e-07 6.58064e-07 5.48275e-07 4.63019e-07 3.9634e-07 3.43839e-07 3.02234e-07 2.68992e-07 2.42103e-07 2.19938e-07 2.0119e-07 1.84895e-07 1.70384e-07 1.57198e-07 1.45043e-07 1.33743e-07 
2.83659e-07 1.96899e-06 5.25621e-06 9.9788e-06 1.58916e-05 2.26782e-05 2.99603e-05 3.73145e-05 4.4293e-05 5.04507e-05 5.53825e-05 5.87643e-05 6.03862e-05 6.01828e-05 5.82554e-05 5.48574e-05 5.03402e-05 4.50891e-05 3.94774e-05 3.38346e-05 2.84251e-05 2.34405e-05 1.90018e-05 1.51676e-05 1.19452e-05 9.30327e-06 7.18478e-06 5.51893e-06 4.23067e-06 3.24781e-06 2.50548e-06 1.9484e-06 1.53134e-06 1.21856e-06 9.82792e-07 8.03699e-07 6.66426e-07 5.60226e-07 4.77326e-07 4.1208e-07 3.6032e-07 3.1889e-07 2.85339e-07 2.57731e-07 2.34531e-07 2.14584e-07 1.97059e-07 1.81349e-07 1.67036e-07 1.53853e-07 
2.32367e-07 1.61639e-06 4.33314e-06 8.27834e-06 1.32923e-05 1.91587e-05 2.56065e-05 3.23164e-05 3.8933e-05 4.50808e-05 5.03867e-05 5.45128e-05 5.71915e-05 5.82554e-05 5.76642e-05 5.55233e-05 5.20721e-05 4.76349e-05 4.2565e-05 3.72025e-05 3.18466e-05 2.6736e-05 2.20426e-05 1.78732e-05 1.42779e-05 1.12597e-05 8.78672e-06 6.80397e-06 5.2442e-06 4.03683e-06 3.11435e-06 2.41628e-06 1.89115e-06 1.49687e-06 1.20017e-06 9.75692e-07 8.0451e-07 6.7271e-07 5.70221e-07 4.89753e-07 4.25955e-07 3.74851e-07 3.33427e-07 2.99374e-07 2.70936e-07 2.46745e-07 2.2574e-07 2.07161e-07 1.90451e-07 1.75193e-07 
1.85555e-07 1.29352e-06 3.48239e-06 6.69556e-06 1.08407e-05 1.57831e-05 2.13429e-05 2.72944e-05 3.33693e-05 3.9266e-05 4.46644e-05 4.92449e-05 5.27184e-05 5.48574e-05 5.55233e-05 5.46902e-05 5.24618e-05 4.90602e-05 4.4783e-05 3.99535e-05 3.48818e-05 2.98402e-05 2.50453e-05 2.06519e-05 1.67557e-05 1.33997e-05 1.05843e-05 8.27786e-06 6.42823e-06 4.97222e-06 3.84396e-06 2.98063e-06 2.32601e-06 1.83233e-06 1.46056e-06 1.17987e-06 9.66677e-07 8.03384e-07 6.77046e-07 5.78232e-07 5.0008e-07 4.3754e-07 3.8688e-07 3.45333e-07 3.10801e-07 2.81658e-07 2.56642e-07 2.34777e-07 2.15331e-07 1.97772e-07 
1.44706e-07 1.0113e-06 2.73491e-06 5.29174e-06 8.63793e-06 1.27025e-05 1.73791e-05 2.25206e-05 2.79374e-05 3.34003e-05 3.86486e-05 4.3403e-05 4.73845e-05 5.03402e-05 5.20721e-05 5.24618e-05 5.14922e-05 4.92616e-05 4.59752e-05 4.19058e-05 3.73487e-05 3.25875e-05 2.78703e-05 2.33942e-05 1.92997e-05 1.56723e-05 1.25499e-05 9.93099e-06 7.78541e-06 6.06399e-06 4.70783e-06 3.6557e-06 2.84929e-06 2.23657e-06 1.77333e-06 1.42341e-06 1.15827e-06 9.56064e-07 8.0044e-07 6.79331e-07 5.83927e-07 5.07825e-07 4.4637e-07 3.96139e-07 3.54563e-07 3.19694e-07 2.90029e-07 2.64371e-07 2.41802e-07 2.21652e-07 
1.10708e-07 7.75142e-07 2.1043e-06 4.09582e-06 6.73918e-06 1.0008e-05 1.38512e-05 1.81844e-05 2.28853e-05 2.77909e-05 3.27011e-05 3.7386e-05 4.15979e-05 4.50891e-05 4.76349e-05 4.90602e-05 4.92616e-05 4.82275e-05 4.60504e-05 4.29188e-05 3.90827e-05 3.48123e-05 3.03667e-05 2.59725e-05 2.18095e-05 1.80051e-05 1.46369e-05 1.17383e-05 9.30712e-06 7.31474e-06 5.71525e-06 4.45396e-06 3.47414e-06 2.72191e-06 2.14913e-06 1.71492e-06 1.38589e-06 1.13562e-06 9.43865e-07 7.95443e-07 6.79161e-07 5.86896e-07 5.12756e-07 4.52423e-07 4.02719e-07 3.61263e-07 3.2622e-07 2.96181e-07 2.70045e-07 2.46955e-07 
8.31997e-08 5.83513e-07 1.58978e-06 3.11219e-06 5.16058e-06 7.737e-06 1.08281e-05 1.43967e-05 1.83742e-05 2.26553e-05 2.70969e-05 3.15211e-05 3.57219e-05 3.94774e-05 4.2565e-05 4.4783e-05 4.59752e-05 4.60504e-05 4.50004e-05 4.29114e-05 3.99567e-05 3.63649e-05 3.23832e-05 2.82486e-05 2.41683e-05 2.03063e-05 1.6779e-05 1.3657e-05 1.09705e-05 8.71664e-06 6.8687e-06 5.38407e-06 4.21214e-06 3.30048e-06 2.59931e-06 2.06422e-06 1.65744e-06 1.3481e-06 1.11178e-06 9.29751e-07 7.88042e-07 6.76345e-07 5.87145e-07 5.14984e-07 4.55862e-07 4.06807e-07 3.65591e-07 3.30522e-07 3.00286e-07 2.73852e-07 
6.143e-08 4.31995e-07 1.18232e-06 2.32833e-06 3.88955e-06 5.88434e-06 8.32299e-06 1.12001e-05 1.44872e-05 1.81258e-05 2.20232e-05 2.60516e-05 3.00507e-05 3.38346e-05 3.72025e-05 3.99535e-05 4.19058e-05 4.29188e-05 4.29114e-05 4.18777e-05 3.98977e-05 3.71297e-05 3.37831e-05 3.0084e-05 2.62492e-05 2.24684e-05 1.8892e-05 1.56265e-05 1.27363e-05 1.02487e-05 8.16112e-06 6.44843e-06 5.0713e-06 3.98297e-06 3.1351e-06 2.48175e-06 1.98191e-06 1.60073e-06 1.30972e-06 1.08641e-06 9.13556e-07 7.78264e-07 6.71014e-07 5.84856e-07 5.14716e-07 4.56871e-07 4.08572e-07 3.67749e-07 3.3282e-07 3.02554e-07 
4.49147e-08 3.16451e-07 8.69285e-07 1.72113e-06 2.8951e-06 4.41652e-06 6.3081e-06 8.58383e-06 1.12424e-05 1.42604e-05 1.75867e-05 2.11383e-05 2.47995e-05 2.84251e-05 3.18466e-05 3.48818e-05 3.73487e-05 3.90827e-05 3.99567e-05 3.98977e-05 3.89011e-05 3.70405e-05 3.44608e-05 3.13533e-05 2.79252e-05 2.43751e-05 2.08772e-05 1.75691e-05 1.45488e-05 1.18752e-05 9.57334e-06 7.64061e-06 6.05389e-06 4.77684e-06 3.76636e-06 2.97784e-06 2.36892e-06 1.90181e-06 1.54444e-06 1.27059e-06 1.05954e-06 8.95415e-07 7.66302e-07 6.63386e-07 5.80229e-07 5.12142e-07 4.55674e-07 4.08263e-07 3.67976e-07 3.33321e-07 
3.27376e-08 2.30802e-07 6.3532e-07 1.26299e-06 2.13686e-06 3.28345e-06 4.72991e-06 6.50013e-06 8.60919e-06 1.10577e-05 1.38256e-05 1.6867e-05 2.01068e-05 2.34405e-05 2.6736e-05 2.98402e-05 3.25875e-05 3.48123e-05 3.63649e-05 3.71297e-05 3.70405e-05 3.60933e-05 3.43556e-05 3.19598e-05 2.90813e-05 2.59098e-05 2.26275e-05 1.93942e-05 1.63366e-05 1.35446e-05 1.10724e-05 8.94305e-06 7.15409e-06 5.68423e-06 4.49997e-06 3.5616e-06 2.82803e-06 2.2603e-06 1.82363e-06 1.48851e-06 1.23078e-06 1.03135e-06 8.75543e-07 7.52359e-07 6.53667e-07 5.7351e-07 5.07537e-07 4.52537e-07 4.06114e-07 3.66459e-07 
2.38131e-08 1.68162e-07 4.64027e-07 9.25248e-07 1.57181e-06 2.42846e-06 3.52228e-06 4.88017e-06 6.52544e-06 8.473e-06 1.07241e-05 1.32611e-05 1.6043e-05 1.90018e-05 2.20426e-05 2.50453e-05 2.78703e-05 3.03667e-05 3.23832e-05 3.37831e-05 3.44608e-05 3.43556e-05 3.34641e-05 3.18481e-05 2.96288e-05 2.69666e-05 2.40357e-05 2.10034e-05 1.80164e-05 1.51914e-05 1.26111e-05 1.03255e-05 8.3558e-06 6.69983e-06 5.33797e-06 4.23943e-06 3.36771e-06 2.68506e-06 2.15559e-06 1.74732e-06 1.43303e-06 1.19047e-06 1.00201e-06 8.54135e-07 7.36687e-07 6.42142e-07 5.64981e-07 5.01154e-07 4.47672e-07 4.02313e-07 
1.74538e-08 1.23331e-07 3.40711e-07 6.80462e-07 1.15854e-06 1.79571e-06 2.61643e-06 3.64681e-06 4.9124e-06 6.4351e-06 8.22916e-06 1.02964e-05 1.26216e-05 1.51676e-05 1.78732e-05 2.06519e-05 2.33942e-05 2.59725e-05 2.82486e-05 3.0084e-05 3.13533e-05 3.19598e-05 3.18481e-05 3.10148e-05 2.95164e-05 2.7464e-05 2.50045e-05 2.22977e-05 1.94975e-05 1.67388e-05 1.41291e-05 1.17444e-05 9.63114e-06 7.80882e-06 6.27551e-06 5.01332e-06 3.99399e-06 3.18397e-06 2.54854e-06 2.05467e-06 1.67287e-06 1.37808e-06 1.14979e-06 9.71746e-07 8.3147e-07 7.19572e-07 6.29078e-07 5.5487e-07 4.932e-07 4.41297e-07 
1.29938e-08 9.16949e-08 2.52986e-07 5.05019e-07 8.60047e-07 1.33427e-06 1.94783e-06 2.72387e-06 3.68676e-06 4.86041e-06 6.26552e-06 7.91573e-06 9.81341e-06 1.19452e-05 1.42779e-05 1.67557e-05 1.92997e-05 2.18095e-05 2.41683e-05 2.62492e-05 2.79252e-05 2.90813e-05 2.96288e-05 2.95164e-05 2.87412e-05 2.73547e-05 2.54586e-05 2.31876e-05 2.06887e-05 1.81032e-05 1.55554e-05 1.31442e-05 1.09401e-05 8.98557e-06 7.29905e-06 5.8789e-06 4.70874e-06 3.76265e-06 3.00978e-06 2.41816e-06 1.95738e-06 1.60029e-06 1.32379e-06 1.10897e-06 9.40816e-07 8.07802e-07 7.01239e-07 6.14685e-07 5.43404e-07 4.83921e-07 
9.79867e-09 6.91552e-08 1.9065e-07 3.79908e-07 6.45799e-07 1.00059e-06 1.45977e-06 2.04211e-06 2.7692e-06 3.66398e-06 4.74883e-06 6.04329e-06 7.56052e-06 9.30327e-06 1.12597e-05 1.33997e-05 1.56723e-05 1.80051e-05 2.03063e-05 2.24684e-05 2.43751e-05 2.59098e-05 2.69666e-05 2.7464e-05 2.73547e-05 2.66359e-05 2.53545e-05 2.36037e-05 2.15075e-05 1.92005e-05 1.6813e-05 1.44595e-05 1.22313e-05 1.01932e-05 8.38506e-06 6.82377e-06 5.50803e-06 4.42289e-06 3.54454e-06 2.84459e-06 2.29363e-06 1.86367e-06 1.52967e-06 1.27034e-06 1.0682e-06 9.09416e-07 7.83328e-07 6.81914e-07 5.99214e-07 5.30848e-07 
7.52632e-09 5.30637e-08 1.46031e-07 2.90289e-07 4.91945e-07 7.59673e-07 1.10495e-06 1.54235e-06 2.08956e-06 2.76678e-06 3.59547e-06 4.59678e-06 5.78908e-06 7.18478e-06 8.78672e-06 1.05843e-05 1.25499e-05 1.46369e-05 1.6779e-05 1.8892e-05 2.08772e-05 2.26275e-05 2.40357e-05 2.50045e-05 2.54586e-05 2.53545e-05 2.46892e-05 2.35058e-05 2.18897e-05 1.99545e-05 1.78244e-05 1.56192e-05 1.34445e-05 1.13846e-05 9.4996e-06 7.82627e-06 6.38047e-06 5.1611e-06 4.1545e-06 3.3388e-06 2.68791e-06 2.17474e-06 1.77349e-06 1.46107e-06 1.21782e-06 1.02764e-06 8.77738e-07 7.58279e-07 6.6185e-07 5.82938e-07 
5.88742e-09 4.14266e-08 1.13701e-07 2.25333e-07 3.80368e-07 5.84603e-07 8.46324e-07 1.17652e-06 1.5889e-06 2.10004e-06 2.72896e-06 3.49575e-06 4.42004e-06 5.51893e-06 6.80397e-06 8.27786e-06 9.93099e-06 1.17383e-05 1.3657e-05 1.56265e-05 1.75691e-05 1.93942e-05 2.10034e-05 2.22977e-05 2.31876e-05 2.36037e-05 2.35058e-05 2.28908e-05 2.17981e-05 2.0306e-05 1.85192e-05 1.65517e-05 1.45141e-05 1.25039e-05 1.05991e-05 8.85512e-06 7.30608e-06 5.9668e-06 4.8364e-06 3.90241e-06 3.14473e-06 2.53934e-06 2.06129e-06 1.68676e-06 1.3945e-06 1.16635e-06 9.87451e-07 8.46e-07 7.32908e-07 6.41318e-07 
4.65407e-09 3.2765e-08 8.98157e-08 1.77331e-07 2.97884e-07 4.55556e-07 6.56138e-07 9.07509e-07 1.22007e-06 1.60684e-06 2.08334e-06 2.66716e-06 3.3769e-06 4.23067e-06 5.2442e-06 6.42823e-06 7.78541e-06 9.30712e-06 1.09705e-05 1.27363e-05 1.45488e-05 1.63366e-05 1.80164e-05 1.94975e-05 2.06887e-05 2.15075e-05 2.18897e-05 2.17981e-05 2.12297e-05 2.02205e-05 1.88425e-05 1.7192e-05 1.53741e-05 1.34908e-05 1.16322e-05 9.87007e-06 8.25603e-06 6.82161e-06 5.58063e-06 4.53244e-06 3.66561e-06 2.96166e-06 2.39847e-06 1.95304e-06 1.60343e-06 1.33002e-06 1.11606e-06 9.47838e-07 8.14438e-07 7.07456e-07 
3.73905e-09 2.62359e-08 7.15912e-08 1.40744e-07 2.35496e-07 3.58661e-07 5.14237e-07 7.07844e-07 9.47137e-07 1.24191e-06 1.60421e-06 2.04837e-06 2.59055e-06 3.24781e-06 4.03683e-06 4.97222e-06 6.06399e-06 7.31474e-06 8.71664e-06 1.02487e-05 1.18752e-05 1.35446e-05 1.51914e-05 1.67388e-05 1.81032e-05 1.92005e-05 1.99545e-05 2.0306e-05 2.02205e-05 1.9695e-05 1.87627e-05 1.74897e-05 1.59645e-05 1.42843e-05 1.2543e-05 1.08238e-05 9.19318e-06 7.69891e-06 6.37024e-06 5.22005e-06 4.24783e-06 3.44312e-06 2.78893e-06 2.2649e-06 1.84982e-06 1.52346e-06 1.26771e-06 1.06711e-06 9.08986e-07 7.83232e-07 
2.99349e-09 2.09572e-08 5.70692e-08 1.12071e-07 1.87254e-07 2.84493e-07 4.06674e-07 5.57898e-07 7.43557e-07 9.70737e-07 1.24849e-06 1.58786e-06 2.0019e-06 2.50548e-06 3.11435e-06 3.84396e-06 4.70783e-06 5.71525e-06 6.8687e-06 8.16112e-06 9.57334e-06 1.10724e-05 1.26111e-05 1.41291e-05 1.55554e-05 1.6813e-05 1.78244e-05 1.85192e-05 1.88425e-05 1.87627e-05 1.82768e-05 1.74151e-05 1.62385e-05 1.48287e-05 1.32751e-05 1.16645e-05 1.00738e-05 8.56443e-06 7.18065e-06 5.94957e-06 4.88322e-06 3.98123e-06 3.23402e-06 2.62596e-06 2.13831e-06 1.75149e-06 1.44685e-06 1.20765e-06 1.01961e-06 8.70979e-07 
2.34366e-09 1.65233e-08 4.53201e-08 8.93001e-08 1.49319e-07 2.2688e-07 3.24149e-07 4.43984e-07 5.90199e-07 7.67805e-07 9.83265e-07 1.24478e-06 1.56247e-06 1.9484e-06 2.41628e-06 2.98063e-06 3.6557e-06 4.45396e-06 5.38407e-06 6.44843e-06 7.64061e-06 8.94305e-06 1.03255e-05 1.17444e-05 1.31442e-05 1.44595e-05 1.56192e-05 1.65517e-05 1.7192e-05 1.74897e-05 1.74151e-05 1.69655e-05 1.61688e-05 1.5081e-05 1.37773e-05 1.23402e-05 1.085e-05 9.3777e-06 7.98017e-06 6.69831e-06 5.55734e-06 4.56847e-06 3.73145e-06 3.0375e-06 2.47225e-06 2.01841e-06 1.65793e-06 1.37356e-06 1.14982e-06 9.73502e-07 
1.86944e-09 1.316e-08 3.60717e-08 7.11941e-08 1.19416e-07 1.81961e-07 2.60382e-07 3.56702e-07 4.73608e-07 6.14562e-07 7.84053e-07 9.88003e-07 1.23399e-06 1.53134e-06 1.89115e-06 2.32601e-06 2.84929e-06 3.47414e-06 4.21214e-06 5.0713e-06 6.05389e-06 7.15409e-06 8.3558e-06 9.63114e-06 1.09401e-05 1.22313e-05 1.34445e-05 1.45141e-05 1.53741e-05 1.59645e-05 1.62385e-05 1.61688e-05 1.57527e-05 1.50157e-05 1.40096e-05 1.28035e-05 1.14738e-05 1.00946e-05 8.7314e-06 7.43699e-06 6.24923e-06 5.19151e-06 4.27429e-06 3.49742e-06 2.85285e-06 2.32734e-06 1.90493e-06 1.56893e-06 1.30341e-06 1.09403e-06 
1.51439e-09 1.05968e-08 2.89177e-08 5.71375e-08 9.623e-08 1.47167e-07 2.11106e-07 2.89547e-07 3.84311e-07 4.97758e-07 6.33065e-07 7.94409e-07 9.87255e-07 1.21856e-06 1.49687e-06 1.83233e-06 2.23657e-06 2.72191e-06 3.30048e-06 3.98297e-06 4.77684e-06 5.68423e-06 6.69983e-06 7.80882e-06 8.98557e-06 1.01932e-05 1.13846e-05 1.25039e-05 1.34908e-05 1.42843e-05 1.48287e-05 1.5081e-05 1.50157e-05 1.46303e-05 1.39483e-05 1.30173e-05 1.19013e-05 1.06705e-05 9.39352e-06 8.13104e-06 6.93182e-06 5.83099e-06 4.85024e-06 3.99933e-06 3.27817e-06 2.67937e-06 2.19071e-06 1.79744e-06 1.48413e-06 1.23606e-06 
1.2004e-09 8.50155e-09 2.34861e-08 4.6672e-08 7.87389e-08 1.20615e-07 1.73307e-07 2.37855e-07 3.15537e-07 4.08042e-07 5.17603e-07 6.47168e-07 8.00575e-07 9.82792e-07 1.20017e-06 1.46056e-06 1.77333e-06 2.14913e-06 2.59931e-06 3.1351e-06 3.76636e-06 4.49997e-06 5.33797e-06 6.27551e-06 7.29905e-06 8.38506e-06 9.4996e-06 1.05991e-05 1.16322e-05 1.2543e-05 1.32751e-05 1.37773e-05 1.40096e-05 1.39483e-05 1.35913e-05 1.29599e-05 1.20981e-05 1.10649e-05 9.92532e-06 8.74269e-06 7.57315e-06 6.46187e-06 5.44139e-06 4.53184e-06 3.74229e-06 3.07271e-06 2.51628e-06 2.06172e-06 1.69539e-06 1.40308e-06 
1.00584e-09 7.12351e-09 1.96775e-08 3.90873e-08 6.58788e-08 1.00774e-07 1.4458e-07 1.98136e-07 2.62442e-07 3.38751e-07 4.28655e-07 5.34208e-07 6.58064e-07 8.03699e-07 9.75692e-07 1.17987e-06 1.42341e-06 1.71492e-06 2.06422e-06 2.48175e-06 2.97784e-06 3.5616e-06 4.23943e-06 5.01332e-06 5.8789e-06 6.82377e-06 7.82627e-06 8.85512e-06 9.87007e-06 1.08238e-05 1.16645e-05 1.23402e-05 1.28035e-05 1.30173e-05 1.29599e-05 1.26288e-05 1.20441e-05 1.1246e-05 1.02893e-05 9.23381e-06 8.13827e-06 7.05459e-06 6.02459e-06 5.0784e-06 4.23469e-06 3.50188e-06 2.87997e-06 2.36269e-06 1.93963e-06 1.59822e-06 
9.04512e-10 6.30557e-09 1.71283e-08 3.37113e-08 5.65562e-08 8.6093e-08 1.22882e-07 1.67715e-07 2.21462e-07 2.85086e-07 3.59752e-07 4.46868e-07 5.48275e-07 6.66426e-07 8.0451e-07 9.66677e-07 1.15827e-06 1.38589e-06 1.65744e-06 1.98191e-06 2.36892e-06 2.82803e-06 3.36771e-06 3.99399e-06 4.70874e-06 5.50803e-06 6.38047e-06 7.30608e-06 8.25603e-06 9.19318e-06 1.00738e-05 1.085e-05 1.14738e-05 1.19013e-05 1.20981e-05 1.20441e-05 1.1737e-05 1.11951e-05 1.04559e-05 9.56966e-06 8.5919e-06 7.57681e-06 6.57246e-06 5.61756e-06 4.74e-06 3.95711e-06 3.2767e-06 2.69882e-06 2.21771e-06 1.82376e-06 
7.95539e-10 5.59242e-09 1.52643e-08 2.99076e-08 4.97222e-08 7.50785e-08 1.06457e-07 1.44468e-07 1.89877e-07 2.43492e-07 3.06155e-07 3.7889e-07 4.63019e-07 5.60226e-07 6.7271e-07 8.03384e-07 9.56064e-07 1.13562e-06 1.3481e-06 1.60073e-06 1.90181e-06 2.2603e-06 2.68506e-06 3.18397e-06 3.76265e-06 4.42289e-06 5.1611e-06 5.9668e-06 6.82161e-06 7.69891e-06 8.56443e-06 9.3777e-06 1.00946e-05 1.06705e-05 1.10649e-05 1.1246e-05 1.11951e-05 1.09102e-05 1.0408e-05 9.72302e-06 8.90188e-06 7.99585e-06 7.05505e-06 6.12395e-06 5.23838e-06 4.42419e-06 3.69744e-06 3.06543e-06 2.52822e-06 2.08053e-06 
7.17882e-10 5.056e-09 1.38003e-08 2.69242e-08 4.44383e-08 6.66023e-08 9.38416e-08 1.26632e-07 1.65537e-07 2.112e-07 2.64328e-07 3.25727e-07 3.9634e-07 4.77326e-07 5.70221e-07 6.77046e-07 8.0044e-07 9.43865e-07 1.11178e-06 1.30972e-06 1.54444e-06 1.82363e-06 2.15559e-06 2.54854e-06 3.00978e-06 3.54454e-06 4.1545e-06 4.8364e-06 5.58063e-06 6.37024e-06 7.18065e-06 7.98017e-06 8.7314e-06 9.39352e-06 9.92532e-06 1.02893e-05 1.04559e-05 1.0408e-05 1.01434e-05 9.67778e-06 9.04297e-06 8.28193e-06 7.44211e-06 6.56985e-06 5.70635e-06 4.88476e-06 4.12906e-06 3.45415e-06 2.86683e-06 2.36725e-06 
6.73941e-10 4.66999e-09 1.25421e-08 2.43009e-08 4.00395e-08 5.98467e-08 8.39626e-08 1.12764e-07 1.46626e-07 1.86025e-07 2.31587e-07 2.83961e-07 3.43839e-07 4.1208e-07 4.89753e-07 5.78232e-07 6.79331e-07 7.95443e-07 9.29751e-07 1.08641e-06 1.27059e-06 1.48851e-06 1.74732e-06 2.05467e-06 2.41816e-06 2.84459e-06 3.3388e-06 3.90241e-06 4.53244e-06 5.22005e-06 5.94957e-06 6.69831e-06 7.43699e-06 8.13104e-06 8.74269e-06 9.23381e-06 9.56966e-06 9.72302e-06 9.67778e-06 9.43209e-06 9.00023e-06 8.41163e-06 7.70601e-06 6.92724e-06 6.11822e-06 5.31707e-06 4.55454e-06 3.85286e-06 3.22587e-06 2.67995e-06 
5.95586e-10 4.1666e-09 1.12941e-08 2.19724e-08 3.62615e-08 5.42577e-08 7.60381e-08 1.01746e-07 1.31679e-07 1.6622e-07 2.05801e-07 2.50942e-07 3.02234e-07 3.6032e-07 4.25955e-07 5.0008e-07 5.83927e-07 6.79161e-07 7.88042e-07 9.13556e-07 1.05954e-06 1.23078e-06 1.43303e-06 1.67287e-06 1.95738e-06 2.29363e-06 2.68791e-06 3.14473e-06 3.66561e-06 4.24783e-06 4.88322e-06 5.55734e-06 6.24923e-06 6.93182e-06 7.57315e-06 8.13827e-06 8.5919e-06 8.90188e-06 9.04297e-06 9.00023e-06 8.77188e-06 8.3711e-06 7.82508e-06 7.17052e-06 6.44805e-06 5.69736e-06 4.95378e-06 4.24582e-06 3.59412e-06 3.01155e-06 
5.23017e-10 3.69948e-09 1.01635e-08 1.99595e-08 3.30875e-08 4.95842e-08 6.94641e-08 9.27598e-08 1.19641e-07 1.50366e-07 1.85224e-07 2.24606e-07 2.68992e-07 3.1889e-07 3.74851e-07 4.3754e-07 5.07825e-07 5.86896e-07 6.76345e-07 7.78264e-07 8.95415e-07 1.03135e-06 1.19047e-06 1.37808e-06 1.60029e-06 1.86367e-06 2.17474e-06 2.53934e-06 2.96166e-06 3.44312e-06 3.98123e-06 4.56847e-06 5.19151e-06 5.83099e-06 6.46187e-06 7.05459e-06 7.57681e-06 7.99585e-06 8.28193e-06 8.41163e-06 8.3711e-06 8.15866e-06 7.78646e-06 7.27963e-06 6.67215e-06 6.00161e-06 5.30481e-06 4.61447e-06 3.95705e-06 3.3517e-06 
4.91464e-10 3.43573e-09 9.35291e-09 1.83561e-08 3.04898e-08 4.56777e-08 6.3911e-08 8.52501e-08 1.09712e-07 1.37381e-07 1.68482e-07 2.03284e-07 2.42103e-07 2.85339e-07 3.33427e-07 3.8688e-07 4.4637e-07 5.12756e-07 5.87145e-07 6.71014e-07 7.66302e-07 8.75543e-07 1.00201e-06 1.14979e-06 1.32379e-06 1.52967e-06 1.77349e-06 2.06129e-06 2.39847e-06 2.78893e-06 3.23402e-06 3.73145e-06 4.27429e-06 4.85024e-06 5.44139e-06 6.02459e-06 6.57246e-06 7.05505e-06 7.44211e-06 7.70601e-06 7.82508e-06 7.78646e-06 7.58857e-06 7.24265e-06 6.77194e-06 6.20792e-06 5.5854e-06 4.93847e-06 4.29749e-06 3.68698e-06 
4.63236e-10 3.24729e-09 8.82571e-09 1.71995e-08 2.8381e-08 4.23945e-08 5.9235e-08 7.88715e-08 1.01283e-07 1.26481e-07 1.54544e-07 1.85629e-07 2.19938e-07 2.57731e-07 2.99374e-07 3.45333e-07 3.96139e-07 4.52423e-07 5.14984e-07 5.84856e-07 6.63386e-07 7.52359e-07 8.54135e-07 9.71746e-07 1.10897e-06 1.27034e-06 1.46107e-06 1.68676e-06 1.95304e-06 2.2649e-06 2.62596e-06 3.0375e-06 3.49742e-06 3.99933e-06 4.53184e-06 5.0784e-06 5.61756e-06 6.12395e-06 6.56985e-06 6.92724e-06 7.17052e-06 7.27963e-06 7.24265e-06 7.0581e-06 6.73641e-06 6.29909e-06 5.77529e-06 5.19727e-06 4.59662e-06 4.0015e-06 
4.44149e-10 3.10942e-09 8.41088e-09 1.62669e-08 2.666e-08 3.96582e-08 5.52563e-08 7.33762e-08 9.39885e-08 1.1708e-07 1.42613e-07 1.70613e-07 2.0119e-07 2.34531e-07 2.70936e-07 3.10801e-07 3.54563e-07 4.02719e-07 4.55862e-07 5.14716e-07 5.80229e-07 6.53667e-07 7.36687e-07 8.3147e-07 9.40816e-07 1.0682e-06 1.21782e-06 1.3945e-06 1.60343e-06 1.84982e-06 2.13831e-06 2.47225e-06 2.85285e-06 3.27817e-06 3.74229e-06 4.23469e-06 4.74e-06 5.23838e-06 5.70635e-06 6.11822e-06 6.44805e-06 6.67215e-06 6.77194e-06 6.73641e-06 6.56419e-06 6.26493e-06 5.85857e-06 5.37212e-06 4.83545e-06 4.27786e-06 
4.28761e-10 2.96823e-09 7.9568e-09 1.53666e-08 2.51823e-08 3.73326e-08 5.1789e-08 6.8556e-08 8.7575e-08 1.0877e-07 1.32082e-07 1.57449e-07 1.84895e-07 2.14584e-07 2.46745e-07 2.81658e-07 3.19694e-07 3.61263e-07 4.06807e-07 4.56871e-07 5.12142e-07 5.7351e-07 6.42142e-07 7.19572e-07 8.07802e-07 9.09416e-07 1.02764e-06 1.16635e-06 1.33002e-06 1.52346e-06 1.75149e-06 2.01841e-06 2.32734e-06 2.67937e-06 3.07271e-06 3.50188e-06 3.95711e-06 4.42419e-06 4.88476e-06 5.31707e-06 5.69736e-06 6.00161e-06 6.20792e-06 6.29909e-06 6.26493e-06 6.10419e-06 5.82583e-06 5.4483e-06 4.99662e-06 4.49847e-06 
3.89545e-10 2.73692e-09 7.45266e-09 1.45013e-08 2.37803e-08 3.51899e-08 4.86799e-08 6.42272e-08 8.17813e-08 1.01246e-07 1.22523e-07 1.45565e-07 1.70384e-07 1.97059e-07 2.2574e-07 2.56642e-07 2.90029e-07 3.2622e-07 3.65591e-07 4.08572e-07 4.55674e-07 5.07537e-07 5.64981e-07 6.29078e-07 7.01239e-07 7.83328e-07 8.77738e-07 9.87451e-07 1.11606e-06 1.26771e-06 1.44685e-06 1.65793e-06 1.90493e-06 2.19071e-06 2.51628e-06 2.87997e-06 3.2767e-06 3.69744e-06 4.12906e-06 4.55454e-06 4.95378e-06 5.30481e-06 5.5854e-06 5.77529e-06 5.85857e-06 5.82583e-06 5.67591e-06 5.4171e-06 5.06649e-06 4.64722e-06 
3.64278e-10 2.56977e-09 7.01697e-09 1.36492e-08 2.23629e-08 3.3089e-08 4.57353e-08 6.01887e-08 7.63755e-08 9.42209e-08 1.13646e-07 1.34634e-07 1.57198e-07 1.81349e-07 2.07161e-07 2.34777e-07 2.64371e-07 2.96181e-07 3.30522e-07 3.67749e-07 4.08263e-07 4.52537e-07 5.01154e-07 5.5487e-07 6.14685e-07 6.81914e-07 7.58279e-07 8.46e-07 9.47838e-07 1.06711e-06 1.20765e-06 1.37356e-06 1.56893e-06 1.79744e-06 2.06172e-06 2.36269e-06 2.69882e-06 3.06543e-06 3.45415e-06 3.85286e-06 4.24582e-06 4.61447e-06 4.93847e-06 5.19727e-06 5.37212e-06 5.4483e-06 5.4171e-06 5.27743e-06 5.03695e-06 4.71146e-06 
3.59018e-10 2.47966e-09 6.62861e-09 1.27805e-08 2.093e-08 3.09784e-08 4.27869e-08 5.6219e-08 7.11403e-08 8.74881e-08 1.05266e-07 1.24457e-07 1.45043e-07 1.67036e-07 1.90451e-07 2.15331e-07 2.41802e-07 2.70045e-07 3.00286e-07 3.3282e-07 3.67976e-07 4.06114e-07 4.47672e-07 4.932e-07 5.43404e-07 5.99214e-07 6.6185e-07 7.32908e-07 8.14438e-07 9.08986e-07 1.01961e-06 1.14982e-06 1.30341e-06 1.48413e-06 1.69539e-06 1.93963e-06 2.21771e-06 2.52822e-06 2.86683e-06 3.22587e-06 3.59412e-06 3.95705e-06 4.29749e-06 4.59662e-06 4.83545e-06 4.99662e-06 5.06649e-06 5.03695e-06 4.90699e-06 4.68365e-06 
3.27259e-10 2.28301e-09 6.16124e-09 1.19145e-08 1.94911e-08 2.88124e-08 3.97497e-08 5.21506e-08 6.58982e-08 8.09417e-08 9.72711e-08 1.14877e-07 1.33743e-07 1.53853e-07 1.75193e-07 1.97772e-07 2.21652e-07 2.46955e-07 2.73852e-07 3.02554e-07 3.33321e-07 3.66459e-07 4.02313e-07 4.41297e-07 4.83921e-07 5.30848e-07 5.82938e-07 6.41318e-07 7.07456e-07 7.83232e-07 8.70979e-07 9.73502e-07 1.09403e-06 1.23606e-06 1.40308e-06 1.59822e-06 1.82376e-06 2.08053e-06 2.36725e-06 2.67995e-06 3.01155e-06 3.3517e-06 3.68698e-06 4.0015e-06 4.27786e-06 4.49847e-06 4.64722e-06 4.71146e-06 4.68365e-06 4.56281e-06 
}
double dx 2
bool fixed_width_bins true
int l 2
int m 0
int ndata 50
string particle1 pi+
string particle2 pi+
bool realpart true
bool spherical_harmonic true
double xoffset 1
vector_double y_datablock {
0.00021724
0.00184341
0.00614897
0.0136172
0.0234461
0.0343271
0.0450599
0.0544963
0.0616159
0.0658232
0.0670228
0.0654933
0.0617497
0.0564091
0.0500823
0.0433162
0.0365587
0.0301491
0.024324
0.0192174
0.0148745
0.0112828
0.00838864
0.00611073
0.00435869
0.00304236
0.00207449
0.00137728
0.000884942
0.000543467
0.000311593
0.000157557
5.68428e-05
-6.2662e-06
-4.21455e-05
-5.98219e-05
-6.50738e-05
-6.08797e-05
-5.03866e-05
-3.6209e-05
-2.03522e-05
-5.39345e-06
7.05016e-06
1.68156e-05
2.40206e-05
2.94634e-05
3.38374e-05
3.6557e-05
3.75726e-05
3.77154e-05
}