  bspline_coeffs_datablock  {
    0.000139016
    0.000199329
    6.04206e-05
    -2.14832e-07
    6.01699e-07
    -2.88877e-07
    1.83753e-07
    -1.75354e-07
    1.59686e-07
    -1.1082e-07
  }
  bspline_degree = 3
  bspline_knots_datablock  {
    0
    0
    0
    0
    8.57143
    17.1429
    25.7143
    34.2857
    42.8571
    51.4286
    60
    60
    60
    60
  }
  covmtx_datablock  {
    2.85139e-07 -5.76345e-08 1.50155e-08 -4.28269e-09 1.65202e-09 -7.8132e-10 4.5128e-10 -3.59219e-10 2.21204e-10 -8.79571e-11 
    -5.76345e-08 1.67934e-08 -5.25814e-09 1.58721e-09 -6.40636e-10 3.0967e-10 -1.85776e-10 1.57998e-10 -1.14782e-10 6.15564e-11 
    1.50155e-08 -5.25814e-09 2.25763e-09 -8.19861e-10 3.43262e-10 -1.72541e-10 1.06435e-10 -9.41365e-11 7.40002e-11 -4.39778e-11 
    -4.28269e-09 1.58721e-09 -8.19861e-10 4.01706e-10 -2.03465e-10 1.03964e-10 -6.63148e-11 5.99786e-11 -4.89196e-11 3.02753e-11 
    1.65202e-09 -6.40636e-10 3.43262e-10 -2.03465e-10 1.46838e-10 -9.2813e-11 5.9855e-11 -5.57778e-11 4.65937e-11 -2.94761e-11 
    -7.8132e-10 3.0967e-10 -1.72541e-10 1.03964e-10 -9.2813e-11 8.54036e-11 -6.79973e-11 6.42944e-11 -5.55677e-11 3.56183e-11 
    4.5128e-10 -1.85776e-10 1.06435e-10 -6.63148e-11 5.9855e-11 -6.79973e-11 7.69142e-11 -8.69955e-11 7.84978e-11 -5.32597e-11 
    -3.59219e-10 1.57998e-10 -9.41365e-11 5.99786e-11 -5.57778e-11 6.42944e-11 -8.69955e-11 1.28246e-10 -1.37591e-10 9.39708e-11 
    2.21204e-10 -1.14782e-10 7.40002e-11 -4.89196e-11 4.65937e-11 -5.55677e-11 7.84978e-11 -1.37591e-10 1.96291e-10 -1.66857e-10 
    -8.79571e-11 6.15564e-11 -4.39778e-11 3.02753e-11 -2.94761e-11 3.56183e-11 -5.32597e-11 9.39708e-11 -1.66857e-10 1.77879e-10 
  }
  knots_datablock  {
    0
    0
    0
    0
    8.57143
    17.1429
    25.7143
    34.2857
    42.8571
    51.4286
    60
    60
    60
    60
  }
  l = 0
  m = 0
  ndata = 10
  numcoeffs = 10
  particle1 = pi0
  particle2 = pi0
  realpart = true
  spherical_harmonic = true
  spline_degree = 3
  xmax = 60
  xmin = 0
  y_datablock  {
    0.000139016
    0.000199329
    6.04206e-05
    -2.14832e-07
    6.01699e-07
    -2.88877e-07
    1.83753e-07
    -1.75354e-07
    1.59686e-07
    -1.1082e-07
  }
