    bool    read_cache          true
    string  param_filename      wfparameters.dat
    string  kernel_cache        kcache
    bool    use_cache           true

int spline_degree 3
int l 0
int m 0
int ndata 8
double xmax 39.999
double xmin 0
string particle1  pi+
string particle2  pi+
bool realpart true
bool spherical_harmonic true
vector_double  y_datablock {
    0.000138771 
    0.000138771 
    0.00010862 
    5.63039e-05 
    5.90613e-06 
    -9.26158e-07 
    4.42758e-19 
    -3.34767e-19 
}
vector_double  knots_datablock {
    0 
    0 
    0 
    0 
    3.28557 
    8.59106 
    15.6497 
    23.4984 
    40 
    40 
    40 
    40 
}
matrix_double covmtx_datablock {
    1.10465e-10 1.10465e-10 -3.21473e-11 8.21375e-12 -1.92981e-12 7.73367e-13 -7.18262e-26 2.12619e-27 
    1.10465e-10 1.10465e-10 -3.21473e-11 8.21375e-12 -1.92981e-12 7.73367e-13 -7.18262e-26 2.12619e-27 
    -3.21473e-11 -3.21473e-11 1.49506e-11 -4.25485e-12 9.51053e-13 -3.79453e-13 3.34811e-26 -1.14759e-27 
    8.21375e-12 8.21375e-12 -4.25485e-12 1.9037e-12 -5.47303e-13 2.11793e-13 -1.82847e-26 3.22142e-28 
    -1.92981e-12 -1.92981e-12 9.51053e-13 -5.47303e-13 2.83077e-13 -1.41134e-13 1.21399e-26 -2.49335e-28 
    7.73367e-13 7.73367e-13 -3.79453e-13 2.11793e-13 -1.41134e-13 9.261e-14 -7.48201e-27 -1.85694e-28 
    -7.18262e-26 -7.18262e-26 3.34811e-26 -1.82847e-26 1.21399e-26 -7.48201e-27 6.17198e-40 5.66017e-42 
    2.12619e-27 2.12619e-27 -1.14759e-27 3.22142e-28 -2.49335e-28 -1.85694e-28 5.66017e-42 7.49103e-42 
}
